0 0.0609375 0.107875 0.121875 0.21575
0 0.154984375 0.06264583333333333 0.05184375 0.09322916666666667
0 0.249765625 0.14266666666666666 0.0775625 0.22422916666666665
0 0.159671875 0.4107291666666667 0.20565625 0.37854166666666667
0 0.518671875 0.12810416666666666 0.071 0.09787499999999999
0 0.5026875000000001 0.06495833333333333 0.069609375 0.07933333333333333
0 0.9464062500000001 0.21677083333333333 0.076625 0.10904166666666668
0 0.769171875 0.6733333333333333 0.080421875 0.0894375
0 0.781484375 0.5768125000000001 0.10784374999999999 0.12954166666666667
0 0.59609375 0.9035624999999999 0.131421875 0.15339583333333331
0 0.774546875 0.9458333333333333 0.10784374999999999 0.10833333333333334
0 0.959375 0.893125 0.08125 0.19275
0 0.903703125 0.8107708333333333 0.03934375 0.08358333333333333
0 0.93825 0.7353333333333333 0.096421875 0.108625
0 0.307578125 0.7918958333333334 0.201515625 0.41620833333333335
0 0.16243749999999998 0.8339375 0.105421875 0.12933333333333333
0 0.027953125000000002 0.8750833333333333 0.055906250000000005 0.1844375
0 0.18328125 0.7121875000000001 0.075109375 0.13639583333333333
0 0.550953125 0.8017291666666666 0.138359375 0.24604166666666666
0 0.6759375000000001 0.7598541666666667 0.11060937500000001 0.1854375
0 0.48464062500000005 0.3949166666666667 0.069609375 0.10835416666666667
0 0.2584375 0.5390833333333334 0.039359375 0.12354166666666666
0 0.2874375 0.4451458333333333 0.075125 0.1115625
0 0.49939062500000003 0.2669583333333333 0.085234375 0.13483333333333333
0 0.5563281250000001 0.4715416666666667 0.056406250000000005 0.08560416666666668
0 0.58115625 0.3720208333333333 0.071015625 0.09495833333333333
0 0.037109375 0.367875 0.042265625 0.08925000000000001
0 0.024484375 0.2829583333333333 0.048953125 0.09706250000000001
0 0.46432812500000004 0.6038958333333333 0.06509374999999999 0.08647916666666666
0 0.652515625 0.4101875 0.10540624999999999 0.111125
0 0.692421875 0.5565 0.06471875 0.188875
0 0.016671875 0.6922916666666666 0.033328125 0.105875
0 0.08328125 0.7036250000000001 0.052875000000000005 0.068375
0 0.727671875 0.36670833333333336 0.055765625 0.06116666666666667
0 0.694171875 0.2988958333333333 0.049859375 0.05983333333333333
0 0.882875 0.39468749999999997 0.043984375 0.0755
0 0.9723906250000001 0.3340625 0.055203125 0.074625
0 0.44575 0.8595833333333334 0.09182812500000001 0.18583333333333335
0 0.80475 0.8815833333333334 0.08215625 0.06779166666666667
0 0.788953125 0.8109999999999999 0.089453125 0.07941666666666666