0 0.78746875 0.14447916666666666 0.19403125000000002 0.28891666666666665
0 0.46449999999999997 0.4749791666666667 0.1654375 0.2406875
0 0.266609375 0.5175833333333333 0.10290625 0.08514583333333332
0 0.524921875 0.8393541666666666 0.280703125 0.32129166666666664
0 0.146125 0.9793958333333334 0.08690624999999999 0.04120833333333333
0 0.93246875 0.5659166666666666 0.1350625 0.19572916666666668
0 0.96284375 0.7663333333333333 0.0743125 0.12433333333333334
0 0.880078125 0.8960625 0.131 0.207875
0 0.95821875 0.9539375 0.083578125 0.092125
0 0.834953125 0.699 0.08240625 0.13316666666666668
0 0.56171875 0.460875 0.09601562500000001 0.14304166666666665