0 0.90509375 0.34629166666666666 0.18009375 0.2796458333333333
0 0.570734375 0.11712499999999999 0.18590625 0.23424999999999999
0 0.77871875 0.16535416666666666 0.08562499999999999 0.13072916666666667
0 0.59053125 0.28522916666666664 0.12865625 0.17600000000000002
0 0.50634375 0.5376666666666666 0.349109375 0.3892083333333333
0 0.430484375 0.30050000000000004 0.066828125 0.10472916666666668
0 0.24317187499999998 0.43935416666666666 0.0838125 0.14166666666666666
0 0.14906250000000001 0.5298333333333333 0.0960625 0.1235625
0 0.8783593749999999 0.6101458333333334 0.05115625 0.08508333333333334
0 0.9335625000000001 0.5594583333333334 0.06759375 0.10872916666666667
0 0.65565625 0.8451458333333334 0.50884375 0.30972916666666667
0 0.853875 0.7297708333333334 0.091546875 0.13454166666666667
0 0.380640625 0.8186875 0.20503125 0.20614583333333333