0 0.9332968749999999 0.7697083333333333 0.133390625 0.16295833333333334
0 0.91603125 0.4015625 0.064671875 0.08893749999999999
0 0.915078125 0.30666666666666664 0.058359375000000005 0.0710625
0 0.534953125 0.33710416666666665 0.058359375000000005 0.078
0 0.463453125 0.4955625 0.07446875 0.08664583333333334
0 0.383390625 0.4465625 0.05550000000000001 0.09841666666666667
0 0.2018125 0.6265625 0.067671875 0.1498125
0 0.03915625 0.3918125 0.0783125 0.070625
0 0.117203125 0.27245833333333336 0.1003125 0.11166666666666666
0 0.172453125 0.3965416666666667 0.050796875 0.10529166666666666
0 0.19025 0.2718125 0.057984375 0.08435416666666667
0 0.1124375 0.35670833333333335 0.04396875 0.051625000000000004
0 0.9463437499999999 0.6160625 0.1073125 0.07664583333333333
0 0.172734375 0.531875 0.059984375 0.05264583333333333
0 0.638171875 0.9007916666666667 0.0989375 0.14614583333333334
0 0.542734375 0.8842291666666667 0.075890625 0.12370833333333334
0 0.66484375 0.9860416666666667 0.05225 0.027916666666666666
0 0.30915625 0.9726666666666667 0.065828125 0.05464583333333333
0 0.027671875000000002 0.9813541666666666 0.055343750000000004 0.037270833333333336
0 0.7771250000000001 0.8780833333333333 0.068296875 0.12745833333333334
0 0.4300625 0.7967291666666667 0.07570312500000001 0.10741666666666667
0 0.41471875 0.7380625 0.049203125 0.06702083333333334
0 0.6664375 0.755625 0.08265625 0.08058333333333333
0 0.70940625 0.6537708333333333 0.047140625000000005 0.037375000000000005
0 0.586859375 0.7337083333333333 0.07628125 0.08385416666666666
0 0.322546875 0.5698958333333334 0.0351875 0.05404166666666667
0 0.224359375 0.4770625 0.03434375 0.040791666666666664
0 0.2698125 0.5492916666666667 0.030359375 0.05514583333333333
0 0.038015625 0.7284375 0.0340625 0.04504166666666667
0 0.11856249999999999 0.9538125 0.0834375 0.080375
0 0.49625 0.8758750000000001 0.030671874999999998 0.06879166666666667
0 0.13671875 0.6245625 0.061343749999999996 0.14093750000000002