0 0.3472265625 0.849763888888889 0.2904453125 0.3004583333333333
0 0.8551249999999999 0.8601805555555556 0.2043359375 0.279625
0 0.3795 0.15406944444444445 0.08660156249999999 0.1650138888888889
0 0.3025546875 0.18183333333333332 0.055109375 0.1465138888888889
0 0.48848437499999997 0.2824305555555556 0.1251171875 0.2630138888888889
0 0.6042265625 0.3826527777777778 0.1253984375 0.1255
0 0.758765625 0.2412638888888889 0.09253125 0.17140277777777777
0 0.7436640625 0.47522222222222227 0.062328125 0.10693055555555554
0 0.9199531249999999 0.4518472222222222 0.111125 0.10184722222222221
0 0.8360937500000001 0.616125 0.18990625 0.2915
0 0.5345703125 0.8010277777777778 0.090234375 0.20298611111111112
0 0.2995625 0.6825416666666667 0.10972656249999999 0.28081944444444445
0 0.7178828125 0.9195277777777777 0.0680546875 0.10665277777777779
0 0.5625625000000001 0.9550972222222222 0.052476562500000004 0.08981944444444445
0 0.6543515625 0.7205555555555555 0.048585937499999995 0.106125
0 0.6702343749999999 0.8538055555555556 0.042859375 0.08633333333333333
0 0.41817187499999997 0.4518472222222222 0.0365703125 0.10184722222222221
0 0.1322578125 0.6918333333333333 0.0458984375 0.058652777777777776
0 0.077703125 0.8395 0.063859375 0.11823611111111111
0 0.0125 0.5187361111111112 0.025 0.08283333333333333