0 0.746765625 0.14454166666666665 0.08006250000000001 0.11685416666666668
0 0.95959375 0.23664583333333333 0.078015625 0.10660416666666667
0 0.9047499999999999 0.46897916666666667 0.11828125 0.12683333333333333
0 0.77628125 0.5472291666666667 0.12476562499999999 0.15183333333333332
0 0.805625 0.7288333333333333 0.208890625 0.26227083333333334
0 0.405484375 0.42222916666666666 0.089046875 0.1166875
0 0.627328125 0.3340625 0.055046874999999995 0.093125
0 0.8832187499999999 0.9064791666666667 0.189109375 0.18704166666666666
0 0.054000000000000006 0.925 0.107984375 0.15
0 0.19646875 0.42870833333333336 0.062625 0.07410416666666667
0 0.091796875 0.6140625 0.067109375 0.08833333333333333
0 0.31432812499999996 0.6073541666666666 0.05159375000000001 0.06102083333333333