0 0.041328125 0.13370833333333335 0.08267187499999999 0.2674166666666667
0 0.37679687500000003 0.030645833333333334 0.08790624999999999 0.05310416666666666
0 0.47223437500000004 0.2328125 0.12428125000000001 0.29060416666666666
0 0.11473437500000001 0.1256875 0.10915625 0.0826875
0 0.40560937499999994 0.3322291666666667 0.052140624999999996 0.09175
0 0.64609375 0.37174999999999997 0.21974999999999997 0.39427083333333335
0 0.46001562500000004 0.7523333333333333 0.163765625 0.3599583333333333
0 0.8499062500000001 0.19645833333333332 0.18428125 0.26335416666666667
0 0.29440625 0.7378333333333333 0.11096874999999999 0.18039583333333334
0 0.37507812500000004 0.9348541666666667 0.0799375 0.1303125
0 0.9674687499999999 0.4562916666666667 0.0650625 0.1260625
0 0.966234375 0.65925 0.0510625 0.17466666666666666
0 0.311875 0.42258333333333337 0.08056250000000001 0.11014583333333333
0 0.05815625 0.727 0.045234375 0.04952083333333333
0 0.40246875 0.42452083333333335 0.035234375 0.07277083333333333
0 0.22015625 0.5631041666666667 0.048140625 0.103125
0 0.30440625 0.8635 0.08396875000000001 0.09172916666666667