0 0.11731770833333334 0.5082314814814815 0.23463541666666668 0.640537037037037
0 0.287328125 0.4733703703703704 0.09774479166666666 0.10322222222222223
0 0.2635 0.021064814814814814 0.137578125 0.04212962962962963
0 0.30359895833333334 0.1075462962962963 0.046968750000000004 0.08676851851851851
0 0.45371875 0.15471296296296297 0.12433333333333334 0.17423148148148146
0 0.5883437499999999 0.08275925925925925 0.05821354166666667 0.06274074074074075
0 0.7009635416666666 0.1778611111111111 0.07515625000000001 0.10942592592592593
0 0.8176197916666667 0.2861574074074074 0.08142708333333333 0.10380555555555555
0 0.7740052083333333 0.44749074074074074 0.046265625 0.13372222222222221
0 0.8335052083333333 0.5541296296296296 0.06528645833333332 0.13048148148148148
0 0.7544739583333333 0.33869444444444446 0.038447916666666665 0.06536111111111112
0 0.93909375 0.6038611111111111 0.049416666666666664 0.25310185185185186
0 0.9004270833333333 0.5016018518518519 0.051234375000000006 0.11338888888888889
0 0.9738541666666667 0.7788240740740741 0.052286458333333334 0.15857407407407406
0 0.905109375 0.9053240740740741 0.10018750000000001 0.18935185185185185
0 0.7495260416666666 0.9469907407407407 0.10563020833333334 0.10601851851851851
0 0.797703125 0.7966388888888889 0.097828125 0.1895740740740741
0 0.5212916666666667 0.49997222222222226 0.08033333333333334 0.1610648148148148
0 0.282640625 0.8278796296296297 0.07586979166666666 0.1640925925925926