0 0.17769531249999998 0.08602777777777777 0.061789062500000005 0.12516666666666668
0 0.03203125 0.24015277777777777 0.0640625 0.19654166666666664
0 0.4279453125 0.46580555555555553 0.20192187499999997 0.33320833333333333
0 0.6632109374999999 0.10902777777777778 0.1350390625 0.21805555555555556
0 0.96953125 0.4055694444444444 0.0609375 0.1389027777777778
0 0.5505859375 0.9516249999999999 0.10767968750000001 0.09676388888888889
0 0.3936953125 0.7335416666666666 0.0959375 0.28384722222222225
0 0.357234375 0.8075694444444446 0.07071875 0.15430555555555556
0 0.0170546875 0.6400138888888889 0.0341171875 0.10051388888888889
0 0.09567187499999999 0.7689166666666667 0.053968749999999996 0.08809722222222222
0 0.09203125 0.927861111111111 0.071671875 0.08627777777777777