0 0.408609375 0.45066666666666666 0.11751562499999998 0.2189583333333333
0 0.28135937499999997 0.6170833333333333 0.06298437500000001 0.10822916666666667
0 0.21278125 0.6538958333333333 0.0880625 0.09127083333333334
0 0.682890625 0.9145833333333333 0.12450000000000001 0.17083333333333334
0 0.9489531250000001 0.9192083333333334 0.10207812499999999 0.16158333333333333
0 0.7815000000000001 0.37754166666666666 0.14951562499999999 0.21714583333333334
0 0.49140625 0.11791666666666667 0.12793749999999998 0.17008333333333334
0 0.413625 0.034958333333333334 0.09740625 0.06991666666666667
0 0.159671875 0.12629166666666666 0.06678125 0.10945833333333334
0 0.023609375 0.29472916666666665 0.04721875 0.07927083333333333
0 0.965453125 0.7781458333333333 0.06909375 0.09702083333333333
0 0.021875 0.8442916666666667 0.04375 0.23860416666666667