0 0.027213541666666667 0.1244537037037037 0.054427083333333334 0.20572222222222222
0 0.049609375 0.26422222222222225 0.09921875 0.18544444444444444
0 0.21116145833333333 0.08703703703703704 0.08080729166666667 0.17407407407407408
0 0.32286979166666663 0.16125 0.08134375 0.20158333333333334
0 0.23575520833333333 0.27417592592592593 0.163703125 0.24976851851851853
0 0.08096354166666667 0.42435185185185187 0.08078645833333334 0.14296296296296296
0 0.054135416666666665 0.5199166666666667 0.08952083333333333 0.08610185185185185
0 0.25047395833333336 0.7723518518518518 0.07594791666666666 0.12710185185185185
0 0.42089583333333336 0.8011574074074074 0.174609375 0.3976851851851852
0 0.28940625 0.7003796296296296 0.062328125 0.1452037037037037
0 0.5035833333333334 0.3706296296296296 0.05325 0.08292592592592593
0 0.595765625 0.3734351851851852 0.07722395833333334 0.07813888888888888
0 0.6167239583333333 0.14081481481481484 0.06498958333333334 0.23903703703703705
0 0.8150104166666666 0.0795462962962963 0.09043749999999999 0.11961111111111111
0 0.8660520833333333 0.11481481481481481 0.07830729166666667 0.22962962962962963
0 0.90303125 0.2716111111111111 0.07727604166666667 0.09659259259259259
0 0.8174843749999999 0.3097962962962963 0.05632291666666667 0.11743518518518518
0 0.8504270833333333 0.34474074074074074 0.067890625 0.09848148148148148
0 0.6857239583333333 0.3283055555555556 0.07405208333333334 0.09893518518518518
0 0.7219218749999999 0.29845370370370367 0.047484375 0.07624074074074075
0 0.6400312499999999 0.5969814814814814 0.0824375 0.1402962962962963
0 0.5238958333333333 0.8778611111111111 0.06471354166666667 0.17147222222222222
0 0.5427656249999999 0.733037037037037 0.06418229166666667 0.07187962962962963
0 0.6210208333333332 0.7770092592592592 0.07358333333333333 0.08579629629629629
0 0.7824687499999999 0.9253518518518519 0.06319270833333333 0.14929629629629632
0 0.8918333333333333 0.8202777777777778 0.125703125 0.06869444444444445
0 0.9634427083333333 0.7839537037037037 0.050203125 0.06265740740740741
0 0.8656614583333333 0.6969444444444445 0.07127604166666666 0.08851851851851851
0 0.8608385416666666 0.49168518518518517 0.05709895833333333 0.07775
0 0.9725520833333333 0.5203518518518518 0.03572395833333333 0.07218518518518519
0 0.8956093749999999 0.9585648148148148 0.04784895833333334 0.08287037037037037
0 0.147484375 0.5677777777777778 0.075703125 0.16240740740740742