0 0.025520833333333333 0.15221296296296294 0.051041666666666666 0.1502037037037037
0 0.04635416666666667 0.04652777777777778 0.09270833333333334 0.09305555555555556
0 0.228859375 0.26792592592592596 0.09001041666666666 0.17804629629629629
0 0.28615104166666666 0.3807962962962963 0.07665104166666666 0.17733333333333334
0 0.44941145833333335 0.38520370370370366 0.098828125 0.0981851851851852
0 0.6093125 0.5920462962962962 0.248046875 0.3729722222222222
0 0.6175104166666666 0.22783333333333333 0.11446354166666667 0.19085185185185186
0 0.70265625 0.2026111111111111 0.06395833333333333 0.18207407407407405
0 0.8129322916666666 0.2521388888888889 0.09079687500000001 0.13853703703703704
0 0.9465104166666667 0.061490740740740735 0.056562499999999995 0.09090740740740741
0 0.72765625 0.025694444444444443 0.11812500000000001 0.05138888888888889
0 0.9779947916666667 0.2630092592592593 0.04401041666666667 0.1686111111111111
0 0.898078125 0.2831759259259259 0.04303125 0.06419444444444444
0 0.925421875 0.7309259259259259 0.04290625 0.11371296296296296
0 0.9701822916666667 0.6846388888888889 0.05963541666666667 0.15076851851851852
0 0.9838541666666667 0.9608796296296296 0.03229166666666667 0.07824074074074074
0 0.38796875 0.9631944444444445 0.10739583333333333 0.07361111111111111
0 0.43197395833333335 0.92925 0.08708854166666667 0.11682407407407408
0 0.7155468749999999 0.3632222222222222 0.05641145833333334 0.10514814814814814
0 0.9359635416666666 0.4789259259259259 0.038078125 0.11433333333333334
0 0.0359375 0.45304629629629634 0.071875 0.12262037037037038
0 0.8340260416666666 0.5076481481481482 0.07048958333333334 0.10599074074074075
0 0.7566822916666667 0.5733703703703704 0.05711458333333333 0.10418518518518519
0 0.7486145833333333 0.4752222222222222 0.057979166666666665 0.10692592592592592
0 0.7591614583333333 0.819324074074074 0.03949479166666667 0.11458333333333333
0 0.2400625 0.7177407407407407 0.06987499999999999 0.09196296296296295
0 0.054661458333333336 0.8376388888888888 0.06567708333333333 0.06638888888888889
0 0.7126822916666666 0.9481481481481482 0.08817708333333334 0.1037037037037037
0 0.5525364583333333 0.919212962962963 0.06992708333333333 0.16157407407407406
0 0.31974479166666664 0.6647407407407407 0.056343750000000005 0.12023148148148148
0 0.37703125 0.6770092592592593 0.05635416666666667 0.10310185185185185
0 0.42507291666666663 0.7298055555555556 0.04620833333333333 0.08762037037037036