0 0.19498958333333333 0.6742592592592593 0.358359375 0.6514814814814816
0 0.25035416666666666 0.7166666666666667 0.23418229166666665 0.5666666666666667
0 0.831375 0.4438425925925926 0.11858333333333333 0.39805555555555555
0 0.7005520833333333 0.5379351851851852 0.06527604166666666 0.1269722222222222
0 0.06208333333333334 0.574388888888889 0.12416666666666668 0.22580555555555556
0 0.21789583333333334 0.3816481481481482 0.18754166666666666 0.3625555555555556
0 0.025625000000000002 0.820787037037037 0.051250000000000004 0.2630555555555556
0 0.7132604166666667 0.34446296296296297 0.06985416666666668 0.203
0 0.7757604166666667 0.3805462962962963 0.08014062500000001 0.3085
0 0.9598072916666667 0.6475185185185186 0.06829687499999999 0.16837037037037036
0 0.8447135416666666 0.7362037037037037 0.104734375 0.14202777777777775
0 0.7945052083333334 0.8541296296296297 0.08233854166666667 0.15195370370370373
0 0.6139010416666667 0.9761111111111112 0.08303124999999999 0.04777777777777778
0 0.5927552083333333 0.829324074074074 0.05240625 0.10975925925925926
0 0.5101614583333334 0.5764814814814815 0.090515625 0.15148148148148147
0 0.5870208333333333 0.24028703703703702 0.042380208333333336 0.1423888888888889
0 0.5301510416666667 0.6940185185185185 0.05780208333333334 0.06084259259259259
0 0.5153645833333333 0.8291388888888889 0.059270833333333335 0.14271296296296296
0 0.45859375 0.7719444444444444 0.037609374999999994 0.07647222222222222
0 0.458390625 0.9000740740740741 0.025302083333333333 0.08207407407407408
0 0.3730833333333334 0.9283981481481481 0.04366145833333333 0.05876851851851852
0 0.7253437500000001 0.6530925925925927 0.04402083333333333 0.06839814814814815
0 0.9428333333333333 0.06677777777777778 0.08767187500000001 0.13355555555555557
0 0.4532864583333333 0.4809074074074074 0.04176041666666667 0.1314537037037037
0 0.49703125 0.43575 0.037598958333333335 0.08556481481481482
0 0.9907291666666667 0.5271851851851852 0.018541666666666668 0.1573425925925926
0 0.9269999999999999 0.3535462962962963 0.04433854166666666 0.11375925925925925
0 0.4909947916666667 0.31281481481481477 0.06218229166666667 0.10637962962962963
0 0.041239583333333336 0.3879907407407407 0.049192708333333335 0.12185185185185185
0 0.026145833333333333 0.21787037037037038 0.05229166666666667 0.05017592592592592
0 0.15716666666666665 0.1573425925925926 0.04441666666666667 0.07125000000000001
0 0.4014166666666667 0.5884722222222222 0.04133333333333333 0.12064814814814816
0 0.3920416666666667 0.4120740740740741 0.030916666666666665 0.08028703703703703
0 0.10602083333333333 0.24064814814814814 0.03211979166666667 0.060194444444444446
0 0.06716666666666667 0.04533333333333334 0.04225520833333333 0.06932407407407408
0 0.4616197916666666 0.1471574074074074 0.050093750000000006 0.0805
0 0.24518229166666666 0.21971296296296294 0.062140625 0.04978703703703704
0 0.881890625 0.02981481481481482 0.07586979166666666 0.05962962962962964
0 0.8394010416666667 0.5533240740740741 0.04244791666666667 0.06075925925925926