0 0.30353906249999996 0.9148750000000001 0.114359375 0.1702361111111111
0 0.8139765625000001 0.9734166666666667 0.0806328125 0.05318055555555556
0 0.2016484375 0.5159027777777777 0.137328125 0.22693055555555552
0 0.55696875 0.06681944444444445 0.042749999999999996 0.10922222222222222
0 0.8564999999999999 0.19476388888888888 0.059765625 0.14302777777777778
0 0.961734375 0.051791666666666666 0.0725703125 0.10356944444444444
0 0.9644140625000001 0.44683333333333336 0.06899999999999999 0.079375
0 0.8798281250000001 0.9427083333333334 0.068921875 0.07112500000000001
0 0.3227265625 0.6209722222222223 0.093828125 0.149875
0 0.2933828125 0.1775 0.083328125 0.16244444444444445
0 0.28523437500000004 0.049805555555555554 0.097390625 0.09959722222222221
0 0.6289453125 0.4065972222222222 0.0900390625 0.16377777777777777
0 0.6966953124999999 0.4649027777777778 0.084734375 0.07098611111111111
0 0.8832812499999999 0.6610416666666666 0.06521875 0.0792361111111111
0 0.9839296875000001 0.8945 0.032140625 0.1294722222222222
0 0.61209375 0.7146388888888888 0.06303125000000001 0.1389861111111111
0 0.7158828125000001 0.8385694444444444 0.0697109375 0.08904166666666667
0 0.7335234374999999 0.7691805555555555 0.051265625 0.08943055555555555
0 0.16693750000000002 0.9383611111111111 0.08397656249999999 0.09784722222222222
0 0.219390625 0.7981111111111111 0.046046875 0.08748611111111111
0 0.873796875 0.7820416666666667 0.057414062499999995 0.12280555555555556
0 0.368375 0.8651527777777778 0.0494140625 0.07077777777777777
0 0.38967968750000004 0.7875972222222223 0.057937499999999996 0.05456944444444444
0 0.031359375 0.5008194444444444 0.0627265625 0.14598611111111112
0 0.3596640625 0.9873055555555555 0.0534296875 0.025402777777777778