0 0.5200625 0.4404791666666667 0.1654375 0.3059583333333334
0 0.78253125 0.3842708333333333 0.05715625 0.09633333333333334
0 0.85075 0.5520416666666667 0.09084375 0.1309375
0 0.62803125 0.5844583333333334 0.095328125 0.08464583333333334
0 0.6681250000000001 0.8352916666666667 0.067203125 0.12335416666666667
0 0.788953125 0.7154375000000001 0.10498437499999999 0.09660416666666666
0 0.9375625 0.9000833333333333 0.0978125 0.12333333333333334
0 0.567796875 0.7695624999999999 0.08039062500000001 0.1400625
0 0.41728125 0.5039166666666667 0.0734375 0.16429166666666667
0 0.2561875 0.41806249999999995 0.054296875 0.0620625
0 0.333265625 0.32689583333333333 0.044296875 0.05564583333333333
0 0.065578125 0.40097916666666666 0.067453125 0.0925
0 0.1298125 0.5416458333333334 0.0709375 0.07772916666666667
0 0.19021875 0.6707708333333334 0.061234374999999994 0.08597916666666668
0 0.30462500000000003 0.6635833333333333 0.0650625 0.10404166666666666
0 0.21278125 0.9148958333333332 0.12025 0.1529375
0 0.66934375 0.488875 0.047421875 0.06479166666666666
0 0.981078125 0.2658333333333333 0.037843749999999995 0.0665
0 0.07321875 0.9388958333333334 0.066078125 0.12222916666666667