0 0.6898828124999999 0.3996944444444444 0.31153125 0.6688333333333334
0 0.0751328125 0.31190277777777775 0.1502578125 0.2585972222222222
0 0.19371093749999999 0.4951111111111111 0.08965625 0.1559722222222222
0 0.3015078125 0.6686666666666666 0.0738515625 0.179
0 0.1900703125 0.23690277777777777 0.08653125 0.13822222222222222
0 0.055703125 0.03148611111111111 0.053179687499999996 0.06295833333333332
0 0.23863281249999999 0.14502777777777778 0.06492187499999999 0.09512499999999999
0 0.18121875 0.07430555555555556 0.1458984375 0.1486111111111111
0 0.612953125 0.03148611111111111 0.11576562500000001 0.06295833333333332
0 0.542125 0.10337500000000001 0.0595078125 0.10434722222222222
0 0.3839296875 0.20936111111111114 0.059 0.08683333333333333
0 0.9043281249999999 0.21120833333333333 0.0867734375 0.083125
0 0.9825546875000001 0.2843333333333333 0.034898437500000004 0.08502777777777777
0 0.972296875 0.4224861111111111 0.0429140625 0.07261111111111111