0 0.61240625 0.4408958333333333 0.24460937500000002 0.6308541666666667
0 0.8710625000000001 0.8891249999999999 0.150921875 0.22175
0 0.29107812499999997 0.09252083333333333 0.112984375 0.16774999999999998
0 0.100640625 0.298 0.07371875 0.14566666666666667
0 0.06592187499999999 0.557125 0.10682812500000001 0.26145833333333335
0 0.19784375 0.7802083333333333 0.14846874999999998 0.22614583333333332
0 0.379765625 0.5843958333333333 0.30398437500000003 0.6954791666666666
0 0.360171875 0.3171666666666667 0.065078125 0.06397916666666667
0 0.130671875 0.8753333333333334 0.100453125 0.12472916666666665
0 0.072515625 0.7623958333333333 0.053578125 0.15070833333333333
0 0.47317187499999996 0.9712916666666668 0.136625 0.057416666666666664
0 0.643140625 0.93425 0.089421875 0.13147916666666667
0 0.9151562500000001 0.33497916666666666 0.097453125 0.16902083333333331
0 0.75128125 0.3824166666666667 0.06409375 0.11114583333333333
0 0.976734375 0.4277916666666667 0.04653125 0.10185416666666666
0 0.97846875 0.8836666666666667 0.0430625 0.08585416666666666
0 0.5995625 0.03147916666666666 0.055046874999999995 0.06295833333333332
0 0.04096875 0.9307916666666666 0.0819375 0.13841666666666666
0 0.9758749999999999 0.6582708333333334 0.048265625 0.08877083333333333