0 0.15843229166666667 0.8393518518518519 0.204484375 0.3212962962962963
0 0.06197916666666667 0.3721944444444445 0.12395833333333334 0.4610462962962963
0 0.23538020833333334 0.34326851851851853 0.21465104166666665 0.43375925925925923
0 0.5018802083333334 0.19699074074074074 0.1646979166666667 0.3939814814814815
0 0.9065364583333333 0.7706944444444445 0.17192187499999997 0.3228796296296296
0 0.034479166666666665 0.615712962962963 0.035729166666666666 0.07041666666666667
0 0.29383333333333334 0.5999444444444445 0.03785416666666667 0.1572962962962963
0 0.23850000000000002 0.6201203703703704 0.073 0.09402777777777778
0 0.5918489583333333 0.4677777777777778 0.09724479166666668 0.38832407407407404
0 0.6548697916666666 0.7878518518518518 0.056609374999999997 0.16273148148148148
0 0.7592864583333333 0.9736111111111111 0.062322916666666665 0.05277777777777778
0 0.9766927083333333 0.9153611111111112 0.046614583333333334 0.10757407407407409
0 0.7060364583333333 0.5893055555555556 0.08342187499999999 0.14526851851851852
0 0.9420833333333333 0.5138981481481482 0.05291666666666666 0.08887037037037038
0 0.9890625 0.48008333333333336 0.021875 0.07499074074074073
0 0.4513697916666667 0.9597222222222223 0.04284375 0.08055555555555556
0 0.5100885416666666 0.9377314814814814 0.06913541666666667 0.12453703703703704