0 0.675546875 0.7582777777777778 0.27214062499999997 0.44726388888888885
0 0.3492265625 0.901875 0.1323046875 0.19625
0 0.5536640625 0.8959444444444445 0.092703125 0.208125
0 0.953109375 0.5120555555555556 0.0937734375 0.11706944444444445
0 0.75278125 0.516 0.1132265625 0.17245833333333332
0 0.7985234375 0.3215555555555556 0.153078125 0.19118055555555558
0 0.8991328125000001 0.10704166666666666 0.20173437500000002 0.21409722222222222
0 0.559125 0.4774305555555556 0.0642265625 0.18633333333333332
0 0.366921875 0.7731666666666666 0.0768828125 0.08526388888888889
0 0.2938046875 0.6641666666666667 0.0606171875 0.13241666666666668
0 0.3974140625 0.6436111111111111 0.03815625 0.07545833333333334
0 0.262078125 0.26655555555555555 0.091859375 0.21573611111111113
0 0.4336953125 0.08033333333333334 0.0590859375 0.16066666666666668
0 0.145 0.09644444444444444 0.1248203125 0.1921111111111111
0 0.035171875000000005 0.22583333333333333 0.07034375000000001 0.09470833333333332
0 0.327078125 0.47486111111111107 0.0719765625 0.1535
0 0.3746015625 0.16175 0.0370390625 0.07733333333333334
0 0.3257421875 0.24069444444444446 0.0479375 0.09322222222222223