0 0.066 0.31302083333333336 0.132 0.321625
0 0.16707812500000002 0.5665416666666666 0.080765625 0.10420833333333333
0 0.772671875 0.49083333333333334 0.118234375 0.16624999999999998
0 0.70578125 0.20739583333333333 0.065671875 0.118625
0 0.50625 0.49341666666666667 0.0675625 0.08916666666666666
0 0.119703125 0.6114999999999999 0.11950000000000001 0.13252083333333334
0 0.151234375 0.7798333333333333 0.046875 0.06302083333333333
0 0.22621875 0.8151666666666666 0.06839062500000001 0.0971875
0 0.588578125 0.8887083333333333 0.08359375 0.10341666666666667
0 0.9796875 0.8184166666666666 0.040625 0.11704166666666667
0 0.9175625000000001 0.7418333333333333 0.09375 0.13866666666666666
0 0.82503125 0.3792916666666667 0.0916875 0.08247916666666667
0 0.944984375 0.12239583333333333 0.11003125 0.079625
0 0.9632968749999999 0.013625 0.07340624999999999 0.02725
0 0.13953125 0.2379375 0.030546875 0.069125
0 0.16764062500000002 0.3422291666666667 0.042890625 0.07658333333333332
0 0.684796875 0.4018541666666666 0.045187500000000005 0.05972916666666667
0 0.793359375 0.20883333333333332 0.05615625 0.07237500000000001
0 0.9399218749999999 0.276125 0.06021875 0.09677083333333333
0 0.842578125 0.6103333333333333 0.064390625 0.07645833333333334
0 0.4225 0.7148749999999999 0.037125000000000005 0.0478125
0 0.42943749999999997 0.6639791666666667 0.0403125 0.04560416666666667
0 0.44939062500000004 0.3565 0.03453125 0.04010416666666667
0 0.410921875 0.5758333333333333 0.037234375 0.04485416666666667
0 0.45815625000000004 0.8445625 0.054609375 0.09795833333333334
0 0.824265625 0.7888541666666666 0.049734375 0.058291666666666665
0 0.71259375 0.6282708333333333 0.07934375 0.06964583333333334
0 0.61815625 0.5926458333333334 0.0288125 0.08927083333333334
0 0.869125 0.1985 0.091 0.08077083333333333
0 0.98671875 0.2161875 0.026578125 0.06833333333333333
0 0.633953125 0.4656041666666667 0.052828125000000004 0.06483333333333334
0 0.020203125 0.8015416666666667 0.04040625 0.07731249999999999
0 0.01959375 0.6140416666666667 0.0391875 0.07872916666666667