0 0.24474999999999997 0.04884722222222222 0.0709140625 0.09768055555555555
0 0.4905546875 0.2050972222222222 0.0873671875 0.41018055555555555
0 0.7556484375 0.10940277777777777 0.059539062499999997 0.15711111111111112
0 0.967578125 0.4432777777777778 0.06484375 0.12638888888888888
0 0.84196875 0.43498611111111113 0.0301328125 0.07540277777777778
0 0.758640625 0.3706527777777778 0.050953125 0.06518055555555556
0 0.6272734375 0.60175 0.10275000000000001 0.4572083333333333
0 0.506703125 0.846375 0.11964843750000001 0.29368055555555556
0 0.8936484374999999 0.8885138888888889 0.112296875 0.1835
0 0.98125 0.9086527777777778 0.0375 0.08768055555555555
0 0.6767421875 0.5048333333333334 0.04546875 0.16615277777777776
0 0.25828125 0.5874444444444444 0.0915703125 0.16008333333333333
0 0.3744296875 0.6062361111111111 0.0615625 0.14030555555555554
0 0.338875 0.7274999999999999 0.0574453125 0.17555555555555558
0 0.2292578125 0.8864305555555556 0.07325781249999999 0.1839583333333333
0 0.0665390625 0.8857222222222223 0.1330703125 0.21497222222222223
0 0.27846875 0.9400416666666668 0.052953125000000004 0.11990277777777777
0 0.47389843750000005 0.59975 0.056367187500000006 0.06069444444444445
0 0.4117890625 0.4238333333333334 0.0467265625 0.18008333333333332
0 0.4551484375 0.47247222222222224 0.045953125 0.08374999999999999
0 0.3138828125 0.6029583333333334 0.0386953125 0.10313888888888889