0 0.6933125 0.14100000000000001 0.196265625 0.28197916666666667
0 0.21131250000000001 0.525625 0.12840625 0.14520833333333333
0 0.389515625 0.4641041666666667 0.162640625 0.2328125
0 0.30671875000000004 0.8439791666666667 0.283109375 0.31204166666666666
0 0.86403125 0.5533958333333333 0.149234375 0.20597916666666669
0 0.7991875 0.8868125 0.087265625 0.226375
0 0.479609375 0.47891666666666666 0.10398437499999999 0.18837500000000001
0 0.800765625 0.694125 0.079734375 0.12808333333333333
0 0.7353125 0.7485208333333334 0.08449999999999999 0.11185416666666666
0 0.95959375 0.6094583333333333 0.0696875 0.06902083333333334
0 0.49157812500000003 0.9354166666666667 0.047390625 0.12916666666666668