0 0.27754687499999997 0.26579166666666665 0.091453125 0.13714583333333333
0 0.1686875 0.22808333333333333 0.04871875 0.07560416666666667
0 0.23621875 0.383125 0.05603125 0.08014583333333333
0 0.44957812500000005 0.49002083333333335 0.1466875 0.13654166666666667
0 0.715171875 0.289875 0.094640625 0.0926875
0 0.77628125 0.7424999999999999 0.0974375 0.12758333333333333
0 0.38153125 0.9574166666666667 0.116109375 0.0851875
0 0.743296875 0.9585625 0.087015625 0.082875
0 0.30653125000000003 0.8181666666666667 0.085546875 0.11689583333333334
0 0.246296875 0.49006249999999996 0.08449999999999999 0.06710416666666667
0 0.14646874999999998 0.4247916666666667 0.073484375 0.05235416666666667
0 0.20028125000000002 0.9459166666666667 0.061921875 0.07608333333333334
0 0.597828125 0.9423541666666666 0.09323437500000001 0.11527083333333334
0 0.832359375 0.49652083333333336 0.06515625 0.0754375
0 0.6110156250000001 0.12370833333333334 0.080734375 0.1215
0 0.8953749999999999 0.395625 0.06065625 0.05883333333333333
0 0.8762812500000001 0.6851041666666667 0.091890625 0.08689583333333334
0 0.75875 0.6189166666666667 0.05959375 0.1119375
0 0.53515625 0.43172916666666666 0.0484375 0.03845833333333334