0 0.820734375 0.24494444444444446 0.14355729166666667 0.2713703703703704
0 0.9682291666666667 0.34885185185185186 0.06354166666666666 0.2523333333333333
0 0.5181875 0.3679814814814815 0.12681770833333333 0.24305555555555555
0 0.063453125 0.35294444444444445 0.12691145833333334 0.18675925925925924
0 0.3618645833333333 0.2764814814814815 0.09328645833333334 0.1340740740740741
0 0.4029166666666667 0.4407685185185185 0.049026041666666666 0.07772222222222222
0 0.6233854166666667 0.38353703703703707 0.06086458333333333 0.11624999999999999
0 0.678765625 0.2610462962962963 0.050807291666666664 0.09581481481481482
0 0.618703125 0.8453796296296296 0.12926041666666668 0.24569444444444447
0 0.4627239583333333 0.6427222222222222 0.08531770833333334 0.10406481481481482
0 0.37080208333333337 0.8719814814814815 0.09033854166666666 0.16530555555555557
0 0.6055104166666666 0.5680555555555555 0.113984375 0.15462037037037038
0 0.059890624999999996 0.5865648148148148 0.04896875 0.10526851851851851
0 0.13444791666666667 0.3804166666666667 0.04394791666666666 0.12441666666666668
0 0.06432291666666666 0.9677500000000001 0.12864583333333332 0.06450925925925927
0 0.37289062500000003 0.9770092592592593 0.06880729166666667 0.04599074074074074
0 0.9269114583333333 0.946138888888889 0.14514583333333334 0.10771296296296295
0 0.950359375 0.6305740740740741 0.05449479166666667 0.08205555555555556
0 0.6978593750000001 0.8221481481481481 0.057749999999999996 0.14675925925925926
0 0.8701562500000001 0.7627592592592592 0.08989583333333333 0.08046296296296297
0 0.25361979166666665 0.7354351851851851 0.11279687499999999 0.20174074074074075
0 0.30934375000000003 0.9368796296296297 0.068 0.1262314814814815
0 0.2996302083333333 0.5162314814814815 0.041713541666666666 0.0874074074074074
0 0.7641770833333333 0.43403703703703705 0.06401041666666667 0.09860185185185184
0 0.8884687499999999 0.3226111111111111 0.07930729166666667 0.12917592592592592
0 0.14790625000000002 0.9175925925925926 0.08821354166666667 0.1648148148148148
0 0.020921875 0.799324074074074 0.041838541666666666 0.08876851851851852
0 0.11605208333333333 0.8451481481481481 0.0564375 0.06622222222222222
0 0.4814739583333333 0.5674537037037037 0.051291666666666666 0.06638888888888889
0 0.7161770833333333 0.6749722222222222 0.06105208333333333 0.14253703703703705
0 0.30092708333333335 0.8568611111111111 0.06678125 0.11434259259259259
0 0.50646875 0.8491851851851852 0.0401875 0.09237962962962963
0 0.49440625 0.7525833333333333 0.04105208333333333 0.07862037037037037
0 0.2579635416666667 0.32925 0.04170833333333333 0.08381481481481481
0 0.4545625 0.9530833333333333 0.05113541666666667 0.09382407407407407
0 0.49544791666666665 0.9746944444444445 0.04313541666666666 0.05062037037037037
0 0.36004166666666665 0.5704166666666666 0.07366666666666667 0.13447222222222222
0 0.9206770833333333 0.010953703703703703 0.044411458333333334 0.021916666666666668
0 0.17715104166666668 0.4034351851851852 0.041671875000000004 0.0410925925925926
0 0.018932291666666667 0.4772407407407407 0.03786458333333333 0.08976851851851853