0 0.06393229166666667 0.4816481481481481 0.12786458333333334 0.43460185185185185
0 0.246578125 0.36387962962962966 0.19746875 0.33331481481481484
0 0.43484375 0.09745370370370371 0.13865104166666667 0.19490740740740742
0 0.845484375 0.08009259259259259 0.1454895833333333 0.16018518518518518
0 0.9643229166666667 0.41621296296296295 0.07135416666666666 0.13241666666666665
0 0.7025260416666667 0.3062870370370371 0.09286458333333333 0.16719444444444445
0 0.8979166666666667 0.7019444444444445 0.20416666666666666 0.467787037037037
0 0.5876927083333333 0.6371944444444444 0.10898958333333333 0.17162037037037037
0 0.6801302083333333 0.6570833333333334 0.10640104166666667 0.2947222222222222
0 0.7018749999999999 0.562962962962963 0.08114583333333333 0.1388888888888889
0 0.965625 0.06736111111111111 0.06875 0.13472222222222222
0 0.9165625 0.2287962962962963 0.05396354166666666 0.08499074074074074
0 0.6760937499999999 0.4085740740740741 0.05458333333333333 0.10326851851851852
0 0.7379322916666666 0.4509166666666667 0.061281249999999995 0.13702777777777778
0 0.3214427083333333 0.757175925925926 0.21180208333333334 0.48564814814814816
0 0.17860416666666667 0.6166018518518518 0.08845833333333333 0.19061111111111112
0 0.15543229166666667 0.8396944444444444 0.03690104166666666 0.09975925925925926
0 0.14579166666666668 0.7589259259259259 0.08533854166666667 0.14655555555555555
0 0.06703125 0.04652777777777778 0.08 0.09305555555555556
0 0.3107552083333333 0.052314814814814814 0.04286458333333333 0.10462962962962963
0 0.137984375 0.32295370370370374 0.03846875 0.10794444444444444
0 0.41634895833333335 0.2873518518518518 0.08500520833333333 0.13917592592592593
0 0.23615104166666667 0.12532407407407406 0.07334375 0.12936111111111112
0 0.7354635416666666 0.9223055555555556 0.060843749999999995 0.11220370370370371
0 0.5484791666666666 0.7709166666666667 0.04575 0.1038425925925926
0 0.20718229166666668 0.8952314814814815 0.028604166666666667 0.08923148148148148
0 0.6863125 0.027157407407407404 0.04785416666666666 0.05432407407407407
0 0.55603125 0.1618888888888889 0.04280208333333334 0.09786111111111111
0 0.14625520833333333 0.07784259259259259 0.03561458333333333 0.0671574074074074