0 0.51796875 0.18822916666666664 0.22515625 0.34777083333333336
0 0.34367187499999996 0.11397916666666667 0.16234375 0.22239583333333332
0 0.152546875 0.11814583333333334 0.077546875 0.23627083333333332
0 0.0296875 0.12322916666666667 0.059375 0.22239583333333332
0 0.059203125 0.5242708333333334 0.11840625 0.16797916666666665
0 0.678359375 0.5379166666666666 0.123390625 0.2369375
0 0.744 0.47312499999999996 0.099515625 0.16293749999999999
0 0.305484375 0.29958333333333337 0.136234375 0.15841666666666668
0 0.29959375 0.8598125 0.0994375 0.14464583333333333
0 0.953359375 0.80175 0.093296875 0.1164375
0 0.9356406249999999 0.5946250000000001 0.077328125 0.16054166666666667
0 0.92453125 0.15516666666666667 0.141203125 0.14739583333333334
0 0.7401718749999999 0.1945 0.0863125 0.21679166666666666
0 0.96584375 0.29772916666666666 0.068296875 0.1176875
0 0.8760937500000001 0.3807916666666667 0.074875 0.14031249999999998
0 0.828359375 0.7251458333333333 0.15948437499999998 0.14379166666666665
0 0.41103125 0.4159791666666666 0.064046875 0.0995625
0 0.811875 0.27458333333333335 0.07140625 0.10843749999999999
0 0.817421875 0.11052083333333333 0.074171875 0.08122916666666667
0 0.286046875 0.7374166666666666 0.047078125 0.07112500000000001
0 0.34715625 0.7311666666666666 0.05292187499999999 0.09104166666666667
0 0.382390625 0.8843541666666667 0.090078125 0.09185416666666667
0 0.108109375 0.4321875 0.069203125 0.08566666666666665
0 0.503390625 0.6268125 0.046 0.06285416666666667
0 0.870203125 0.8424791666666667 0.079734375 0.06829166666666667