0 0.26584375 0.04420833333333333 0.0651875 0.08843055555555555
0 0.054398437499999994 0.03958333333333333 0.060992187499999996 0.07916666666666666
0 0.0326796875 0.5342361111111111 0.0653671875 0.09994444444444443
0 0.025523437500000003 0.7140416666666667 0.051039062499999996 0.10306944444444444
0 0.18434375 0.8555555555555555 0.22297656250000003 0.28888888888888886
0 0.44370312500000003 0.7105 0.2771796875 0.5543333333333333
0 0.2572421875 0.6513055555555556 0.17281249999999998 0.2692638888888889
0 0.491875 0.8197777777777778 0.22771093750000002 0.16179166666666667
0 0.9159218750000001 0.6489583333333333 0.14263281249999998 0.422
0 0.7913046875 0.6928611111111111 0.2357421875 0.5874444444444444
0 0.6973125 0.9024027777777778 0.032125 0.10018055555555555
0 0.6120390625 0.6145416666666667 0.036867187499999995 0.061486111111111116
0 0.65409375 0.6244861111111111 0.0543203125 0.08600000000000001
0 0.6820859375 0.3586111111111111 0.1290546875 0.22247222222222224
0 0.8398749999999999 0.15218055555555554 0.10110937499999999 0.09045833333333332
0 0.9013359375000001 0.270875 0.0988828125 0.17508333333333334
0 0.591203125 0.05 0.088125 0.1
0 0.70121875 0.05809722222222222 0.0555625 0.11620833333333333
0 0.452546875 0.18733333333333332 0.05115625 0.16079166666666667
0 0.419734375 0.3958333333333333 0.05428125 0.16575
0 0.57115625 0.6226388888888889 0.0405 0.08230555555555555