0 0.408015625 0.10638888888888888 0.051671875 0.08445833333333333
0 0.58221875 0.15684722222222222 0.072765625 0.15945833333333334
0 0.7044765625 0.1327638888888889 0.049046875000000004 0.0779861111111111
0 0.7997734375000001 0.35580555555555554 0.0729921875 0.12736111111111112
0 0.826734375 0.2528472222222222 0.0371640625 0.07420833333333333
0 0.52025 0.6420694444444445 0.082421875 0.12116666666666666
0 0.4863984375 0.8035833333333334 0.1188671875 0.13865277777777776
0 0.490953125 0.9309027777777777 0.11757031250000001 0.13819444444444445
0 0.75134375 0.9412083333333333 0.0802890625 0.11759722222222223
0 0.7010859375 0.9794027777777777 0.0474921875 0.04120833333333333
0 0.3098515625 0.9134305555555555 0.086546875 0.17315277777777777
0 0.2500859375 0.5645 0.06284375 0.14045833333333332
0 0.9760390624999999 0.5205833333333333 0.0479140625 0.10504166666666666
0 0.8083359375000001 0.5760972222222223 0.065828125 0.09041666666666666
0 0.7497578125000001 0.5149166666666667 0.062406249999999996 0.18463888888888888
0 0.6375 0.5718611111111112 0.059812500000000005 0.11551388888888889
0 0.6381015624999999 0.817625 0.031718750000000004 0.07005555555555555
0 0.678578125 0.8093472222222222 0.0429296875 0.08461111111111111
0 0.41925 0.937375 0.0375390625 0.12525
0 0.1378125 0.6195 0.0567265625 0.1255138888888889
0 0.47201562499999994 0.06373611111111112 0.047867187500000005 0.09741666666666667
0 0.0386875 0.8788888888888888 0.069953125 0.15462499999999998
0 0.771578125 0.763611111111111 0.041296875 0.10063888888888887
0 0.8830937499999999 0.7852361111111111 0.0528671875 0.12741666666666665
0 0.9756484375 0.6435416666666667 0.048703125 0.07084722222222221