0 0.11001562499999999 0.26977083333333335 0.10357812500000001 0.15583333333333332
0 0.211046875 0.2773541666666667 0.10289062499999999 0.16952083333333334
0 0.2874375 0.26697916666666666 0.061250000000000006 0.10583333333333332
0 0.020140625000000002 0.4412083333333333 0.040281250000000005 0.0898125
0 0.243859375 0.5191875 0.1101875 0.14856250000000001
0 0.44662499999999994 0.4844791666666667 0.051890625 0.1254375
0 0.448359375 0.6640833333333334 0.041484375000000004 0.08941666666666667
0 0.550609375 0.7511041666666666 0.0765625 0.11910416666666666
0 0.17234375 0.6687291666666667 0.142125 0.17272916666666666
0 0.036625000000000005 0.666625 0.073265625 0.11672916666666668
0 0.08657812499999999 0.8557083333333334 0.15390625 0.22468749999999998
0 0.1765 0.9539375 0.11990624999999999 0.092125