0 0.07565104166666667 0.33087962962962963 0.15130208333333334 0.23732407407407408
0 0.14401041666666667 0.7227037037037037 0.28802083333333334 0.5545925925925926
0 0.129265625 0.48909259259259263 0.13781770833333334 0.20874074074074073
0 0.28693749999999996 0.5025740740740741 0.11154687499999999 0.18096296296296296
0 0.5344427083333334 0.6195925925925926 0.15038541666666666 0.28455555555555556
0 0.74015625 0.5959907407407407 0.13479166666666667 0.28364814814814815
0 0.91240625 0.5133888888888889 0.079359375 0.23417592592592593
0 0.6656822916666666 0.18047222222222223 0.09624479166666666 0.32516666666666666
0 0.6152864583333333 0.27301851851851855 0.05036979166666666 0.17712037037037037
0 0.5578697916666666 0.3541944444444444 0.06313541666666667 0.11950000000000001
0 0.3004739583333333 0.11217592592592593 0.05321875 0.15156481481481482
0 0.281203125 0.2577222222222222 0.039671875 0.06881481481481481
0 0.34279166666666666 0.3702962962962963 0.09619270833333333 0.735037037037037
0 0.309328125 0.3364074074074074 0.056343750000000005 0.07812037037037037
0 0.6146406249999999 0.4835833333333333 0.06290625 0.09857407407407406
0 0.5447187499999999 0.4625 0.0706875 0.0953611111111111
0 0.6945833333333333 0.38173148148148145 0.0540625 0.10512962962962964
0 0.8457395833333333 0.33382407407407405 0.037307291666666666 0.13432407407407407
0 0.8949583333333333 0.30141666666666667 0.03613020833333334 0.1991388888888889
0 0.98515625 0.6024814814814814 0.0296875 0.1855277777777778
0 0.9916666666666667 0.9338703703703705 0.016666666666666666 0.12608333333333333
0 0.3550260416666667 0.88925 0.076921875 0.14371296296296296
0 0.502015625 0.9005555555555556 0.05819791666666666 0.11499074074074074
0 0.4052864583333333 0.9527777777777777 0.08578645833333334 0.09444444444444444
0 0.11871354166666667 0.6242777777777778 0.031182291666666664 0.07644444444444444
0 0.16727604166666668 0.5733703703703704 0.06319791666666667 0.10418518518518519
0 0.39720833333333333 0.3447037037037037 0.023807291666666668 0.10515740740740741
0 0.4374427083333333 0.34497222222222224 0.06053125 0.13967592592592593
0 0.629484375 0.7339259259259259 0.06967708333333333 0.17063888888888887
0 0.4955104166666667 0.05925925925925926 0.0641875 0.11851851851851852