0 0.086171875 0.052319444444444446 0.1016171875 0.104625
0 0.2198828125 0.26625 0.071171875 0.16583333333333333
0 0.16428125 0.27762499999999996 0.0441953125 0.07530555555555556
0 0.266625 0.31045833333333334 0.048007812500000004 0.11073611111111112
0 0.34657031250000003 0.24309722222222221 0.13290625 0.24915277777777775
0 0.429109375 0.14198611111111112 0.06678125 0.12563888888888888
0 0.5071015625 0.32895833333333335 0.11653125 0.1847638888888889
0 0.4360859375 0.37234722222222216 0.0445625 0.1222638888888889
0 0.45046093750000005 0.4767638888888889 0.0344921875 0.08902777777777778
0 0.43588281249999994 0.6469027777777777 0.1365703125 0.2558472222222222
0 0.34733593749999997 0.5855972222222222 0.08842968749999999 0.19340277777777778
0 0.11963281249999999 0.6098888888888889 0.099796875 0.16330555555555556
0 0.0515625 0.912263888888889 0.103125 0.17545833333333333
0 0.5280625 0.9330972222222222 0.1292890625 0.13379166666666667
0 0.9327109374999999 0.4537083333333334 0.06542187499999999 0.08704166666666667
0 0.9415703125 0.6388472222222222 0.0626953125 0.042666666666666665
0 0.9523671874999999 0.5520694444444445 0.0344296875 0.05418055555555555
0 0.83896875 0.9331805555555556 0.049140625 0.08304166666666667
0 0.653046875 0.8801805555555556 0.0355703125 0.12981944444444443
0 0.66359375 0.6705277777777777 0.079578125 0.0901388888888889
0 0.7534296875 0.6038888888888889 0.042796875 0.06797222222222223
0 0.3008671875 0.4231666666666667 0.0394140625 0.06298611111111112
0 0.3072421875 0.8676944444444444 0.050093750000000006 0.09556944444444444
0 0.23797656250000002 0.7899444444444444 0.0427890625 0.08822222222222223
0 0.7138515625 0.7927222222222222 0.0571953125 0.11227777777777778
0 0.98515625 0.563625 0.0296875 0.07077777777777777
0 0.40169531249999996 0.34525 0.029359375 0.09722222222222222