0 0.5966875 0.46608333333333335 0.40610416666666665 0.6335833333333333
0 0.9395833333333333 0.30239814814814814 0.12083333333333333 0.13224074074074074
0 0.8493854166666667 0.2054074074074074 0.044598958333333334 0.07654629629629629
0 0.8685208333333333 0.27438888888888885 0.04381770833333333 0.1095462962962963
0 0.5013802083333333 0.04884259259259259 0.2738072916666667 0.09768518518518518
0 0.366609375 0.3002592592592592 0.110296875 0.2014537037037037
0 0.23159375000000001 0.465037037037037 0.07204166666666666 0.12359259259259259
0 0.12561979166666667 0.3898611111111111 0.05136458333333334 0.09619444444444444
0 0.137984375 0.3028240740740741 0.059296875 0.08157407407407406
0 0.22977604166666668 0.3354907407407407 0.07221354166666667 0.13550925925925925
0 0.04059375 0.4363425925925926 0.0811875 0.12175925925925926
0 0.03333333333333333 0.6830277777777778 0.06666666666666667 0.12437962962962965
0 0.16258854166666667 0.14755555555555558 0.04341145833333333 0.06269444444444444
0 0.027708333333333335 0.2658055555555556 0.044473958333333334 0.06308333333333332
0 0.0523125 0.19428703703703704 0.03900520833333333 0.10987962962962963
0 0.21245833333333333 0.022222222222222223 0.031328125 0.044444444444444446
0 0.7738697916666666 0.25144444444444447 0.04982291666666667 0.11771296296296296
0 0.90315625 0.03148148148148148 0.05578645833333333 0.06296296296296296
0 0.703953125 0.20146296296296298 0.03759375 0.12885185185185186
0 0.7469166666666667 0.17810185185185184 0.06622916666666666 0.08303703703703705
0 0.422984375 0.6390648148148149 0.05378645833333333 0.08275925925925925
0 0.34838541666666667 0.08506481481481482 0.051140625 0.09513888888888888
0 0.06377604166666667 0.27924074074074073 0.06307291666666666 0.04892592592592593
0 0.23172916666666668 0.14734259259259258 0.028036458333333333 0.06272222222222222
0 0.26401562500000003 0.08555555555555557 0.032380208333333334 0.07981481481481481
0 0.1836875 0.7615 0.07585416666666665 0.06587962962962964
0 0.29318229166666665 0.7494629629629629 0.046968750000000004 0.05291666666666667
0 0.7941874999999999 0.923 0.097046875 0.11822222222222223
0 0.620109375 0.12510185185185185 0.082171875 0.07798148148148148