0 0.15674479166666666 0.8798611111111111 0.205265625 0.24028703703703702
0 0.39955729166666665 0.887962962962963 0.11182291666666666 0.22407407407407406
0 0.49394791666666665 0.8929166666666667 0.06731250000000001 0.10435185185185185
0 0.279875 0.5115462962962963 0.13013541666666667 0.15287037037037038
0 0.38397916666666665 0.49892592592592594 0.057765625 0.10420370370370372
0 0.285421875 0.8373981481481482 0.06619270833333334 0.1607685185185185
0 0.34222395833333336 0.7176203703703703 0.07540104166666667 0.1136574074074074
0 0.5899947916666667 0.9593703703703703 0.05791145833333333 0.08125925925925927
0 0.820796875 0.7284166666666667 0.060546875 0.08037037037037037
0 0.9291458333333333 0.5731759259259259 0.03316145833333333 0.13863888888888887
0 0.9609427083333333 0.5958425925925925 0.05682291666666666 0.06402777777777778
0 0.9847864583333333 0.5530277777777778 0.030421874999999998 0.04791666666666667
0 0.974625 0.981324074074074 0.04097395833333333 0.03735185185185186
0 0.7425937499999999 0.7918611111111111 0.06879166666666667 0.1670185185185185
0 0.6564739583333333 0.5578055555555556 0.03553125 0.0669351851851852
0 0.6320833333333333 0.17924074074074076 0.04108333333333333 0.11425
0 0.826390625 0.0764537037037037 0.047046875 0.09297222222222222
0 0.9714114583333333 0.07605555555555556 0.05717708333333334 0.10381481481481482
0 0.9945625 0.1388148148148148 0.010869791666666666 0.059722222222222225
0 0.9770677083333333 0.37451851851851853 0.045859375 0.12996296296296297
0 0.9384114583333333 0.37401851851851853 0.07261979166666667 0.1527777777777778
0 0.880578125 0.3568148148148148 0.04633854166666666 0.07741666666666666
0 0.8797604166666667 0.4433148148148148 0.029395833333333333 0.054425925925925926
0 0.6698802083333334 0.8753240740740741 0.13519791666666667 0.24935185185185185
0 0.5729583333333333 0.567787037037037 0.048052083333333336 0.11072222222222222
0 0.47898437499999996 0.5685925925925926 0.049937499999999996 0.22880555555555557
0 0.5654739583333334 0.48546296296296293 0.06516145833333334 0.08154629629629628
0 0.5493125 0.23696296296296296 0.07308854166666667 0.13761111111111113
0 0.5225625 0.0512037037037037 0.04739583333333333 0.05492592592592593
0 0.4868020833333333 0.09298148148148148 0.034687499999999996 0.06407407407407407
0 0.525828125 0.5416388888888889 0.019296874999999998 0.06318518518518518
0 0.24435416666666668 0.6337685185185186 0.03696875 0.08292592592592593
0 0.11816145833333333 0.6900740740740741 0.0455 0.07012962962962963
0 0.16641666666666666 0.6551296296296296 0.04577604166666667 0.07387962962962964
0 0.014421875 0.7821388888888889 0.026234374999999997 0.045231481481481484
0 0.20478125 0.6777314814814815 0.038968749999999996 0.1233425925925926
0 0.885390625 0.9000833333333333 0.059265625 0.09795370370370371
0 0.9846979166666666 0.8885925925925926 0.030609375 0.08427777777777777
0 0.8525729166666667 0.7672962962962963 0.029093749999999998 0.10582407407407408
0 0.7739635416666667 0.6585925925925926 0.07572916666666667 0.10694444444444444
0 0.6756458333333334 0.6799722222222222 0.03283333333333333 0.054685185185185184
0 0.782390625 0.560574074074074 0.025729166666666668 0.034416666666666665
0 0.14244270833333333 0.04513888888888889 0.11123958333333334 0.09027777777777778
0 0.3302760416666667 0.8638888888888889 0.05269791666666667 0.16008333333333333
0 0.36205208333333333 0.616388888888889 0.06416145833333334 0.14100925925925925