0 0.45891145833333336 0.788425925925926 0.20897395833333335 0.42314814814814816
0 0.963671875 0.8190740740740741 0.07265625 0.24833333333333332
0 0.8806302083333333 0.9666666666666667 0.07584375 0.06666666666666667
0 0.6134687499999999 0.7298055555555556 0.05222916666666667 0.1246388888888889
0 0.5249322916666667 0.44632407407407404 0.05194270833333334 0.09437962962962963
0 0.8039479166666667 0.04537037037037037 0.085328125 0.09074074074074075
0 0.9586197916666667 0.4872592592592593 0.06775520833333333 0.11247222222222222
0 0.9755468749999999 0.5684814814814815 0.04431770833333334 0.07586111111111112
0 0.12547916666666667 0.5057592592592592 0.11763020833333333 0.18650925925925926
0 0.07028645833333333 0.8651481481481481 0.055265625 0.08586111111111111
0 0.8168385416666666 0.3632222222222222 0.03611458333333333 0.06812037037037036
0 0.17038541666666665 0.6702037037037037 0.1385 0.19242592592592592