0 0.0673125 0.5723958333333333 0.126484375 0.24570833333333333
0 0.134671875 0.09745833333333334 0.21398437499999998 0.19491666666666668
0 0.38065625000000003 0.12050000000000001 0.086609375 0.13491666666666668
0 0.41606249999999995 0.07893750000000001 0.08521875 0.15787500000000002
0 0.45946875 0.41875 0.10259375 0.142125
0 0.772984375 0.373625 0.06584375 0.10283333333333333
0 0.577859375 0.5737916666666667 0.12275 0.20220833333333335
0 0.87765625 0.257 0.061343749999999996 0.09179166666666667
0 0.854578125 0.5763750000000001 0.062375 0.08427083333333334
0 0.520046875 0.7068958333333334 0.096 0.11954166666666667
0 0.746421875 0.8209791666666667 0.087703125 0.15525
0 0.961109375 0.8364375000000001 0.07778125 0.15808333333333333
0 0.92521875 0.6941458333333334 0.082390625 0.10956250000000001
0 0.9512656249999999 0.9504583333333334 0.058078125 0.09908333333333334
0 0.925390625 0.6305 0.051484375000000006 0.08877083333333333
0 0.367640625 0.9365833333333333 0.1994375 0.12685416666666666
0 0.18675 0.7693333333333333 0.12371875000000002 0.14422916666666669
0 0.047875 0.9423541666666666 0.08203125 0.11527083333333334
0 0.390375 0.7705416666666667 0.0949375 0.13577083333333334
0 0.158625 0.6203333333333333 0.061921875 0.06116666666666667
0 0.3888125 0.6473958333333333 0.0720625 0.08089583333333333
0 0.31259375 0.5039583333333334 0.068953125 0.13191666666666665
0 0.317984375 0.6041458333333334 0.0831875 0.06579166666666666
0 0.26365625000000004 0.32458333333333333 0.04978125 0.060270833333333336
0 0.93615625 0.40975 0.04503125 0.04714583333333333