0 0.76621875 0.16216666666666668 0.166171875 0.16270833333333332
0 0.44940625 0.033791666666666664 0.088 0.06758333333333333
0 0.704046875 0.8266249999999999 0.258109375 0.34675
0 0.896421875 0.8775416666666668 0.207171875 0.24491666666666667
0 0.657203125 0.407875 0.161984375 0.1898125
0 0.30965625 0.8297291666666666 0.17234375 0.2048333333333333
0 0.13553125 0.9238333333333333 0.110171875 0.1523125
0 0.16834375 0.8015000000000001 0.09640625 0.12060416666666667
0 0.087265625 0.7816041666666667 0.0835625 0.14560416666666667
0 0.156890625 0.5701250000000001 0.058453124999999995 0.064375
0 0.143 0.21722916666666667 0.058437499999999996 0.098875
0 0.19107812500000002 0.38335416666666666 0.06203125 0.09447916666666667