0 0.39621354166666667 0.9372222222222223 0.13924479166666667 0.12555555555555556
0 0.2837135416666667 0.9594444444444444 0.09408854166666666 0.0811111111111111
0 0.11040104166666667 0.8805925925925926 0.11086458333333334 0.17896296296296296
0 0.02354166666666667 0.9316666666666668 0.04708333333333334 0.13666666666666666
0 0.28080208333333334 0.8333981481481482 0.06172916666666666 0.08087962962962962
0 0.21059895833333334 0.9059722222222223 0.05630208333333333 0.10749074074074075
0 0.169765625 0.8446944444444444 0.04536458333333333 0.09975925925925926
0 0.596609375 0.9631481481481482 0.08844791666666667 0.0737037037037037
0 0.7201406250000001 0.9044814814814816 0.08721875 0.16376851851851854
0 0.8141979166666666 0.9650000000000001 0.08869270833333333 0.06999999999999999
0 0.7216041666666667 0.5131111111111111 0.13013020833333333 0.2180740740740741
0 0.8125312499999999 0.2142962962962963 0.17534895833333333 0.33896296296296297
0 0.9574114583333333 0.1621203703703704 0.085171875 0.15312037037037038
0 0.8476302083333334 0.3800277777777778 0.04057291666666667 0.08152777777777777
0 0.719515625 0.12417592592592594 0.03430208333333333 0.09575925925925927
0 0.663578125 0.0793611111111111 0.09756770833333334 0.1587314814814815
0 0.5568229166666666 0.23269444444444445 0.12218749999999999 0.4653888888888889
0 0.5010885416666667 0.058638888888888886 0.07259895833333332 0.11727777777777777
0 0.36286979166666666 0.19577777777777777 0.19406770833333334 0.3463796296296296
0 0.440265625 0.0362962962962963 0.040713541666666665 0.0725925925925926
0 0.134671875 0.2987314814814815 0.12274479166666666 0.21153703703703705
0 0.206015625 0.2502407407407407 0.07380208333333332 0.12197222222222222
0 0.18841666666666665 0.0937037037037037 0.18191145833333333 0.1874074074074074
0 0.19018229166666664 0.3874166666666667 0.063796875 0.1703888888888889
0 0.176640625 0.54575 0.046609374999999995 0.1610925925925926
0 0.06290625 0.646787037037037 0.080859375 0.10764814814814816
0 0.04238541666666666 0.5899537037037037 0.05315104166666666 0.1087962962962963
0 0.14956250000000001 0.9548148148148149 0.065875 0.09037037037037036
0 0.44984375000000004 0.7798981481481481 0.07010416666666666 0.11089814814814815
0 0.79378125 0.8952314814814815 0.05452083333333334 0.10824074074074075
0 0.6491041666666667 0.6238148148148148 0.05845833333333333 0.2098611111111111
0 0.5313020833333334 0.5560648148148147 0.0628125 0.18546296296296297
0 0.14716666666666667 0.6353055555555556 0.03941666666666667 0.12173148148148148
0 0.40412499999999996 0.6482685185185185 0.08175 0.14023148148148148
0 0.4903645833333333 0.6747407407407408 0.04259895833333334 0.13762962962962963
0 0.970328125 0.33391666666666664 0.05934375 0.17078703703703701