0 0.8077135416666666 0.6728240740740741 0.14876562499999998 0.25212962962962965
0 0.450453125 0.37801851851851853 0.10091145833333333 0.17177777777777778
0 0.9428385416666667 0.6691203703703703 0.11432291666666666 0.2632407407407408
0 0.6163385416666666 0.7320555555555556 0.12461979166666667 0.2965185185185185
0 0.3628385416666667 0.5464351851851852 0.11005208333333334 0.145
0 0.2896770833333333 0.0948888888888889 0.10985416666666666 0.1897777777777778
0 0.36131250000000004 0.12104629629629629 0.06286979166666666 0.11039814814814815
0 0.12924479166666666 0.6275648148148149 0.06885416666666666 0.14553703703703705
0 0.7085677083333334 0.029453703703703704 0.08844791666666667 0.05890740740740741
0 0.1628125 0.6663981481481481 0.0469375 0.10768518518518519
0 0.25722395833333334 0.5547962962962962 0.05658854166666667 0.06968518518518518
0 0.143671875 0.21099074074074076 0.04615104166666666 0.059842592592592586
0 0.2517552083333333 0.34921296296296295 0.03627604166666667 0.10850925925925926
0 0.8342291666666667 0.17625925925925928 0.03559895833333333 0.08483333333333334