0 0.5529062499999999 0.46402777777777776 0.42924999999999996 0.6956388888888888
0 0.9239583333333333 0.1508888888888889 0.15208333333333332 0.19898148148148148
0 0.8240677083333333 0.7547685185185184 0.07730729166666667 0.1104537037037037
0 0.5676354166666666 0.9840277777777777 0.085265625 0.03194444444444444
0 0.187859375 0.83125 0.19251041666666666 0.3375
0 0.05621875 0.9678240740740741 0.0624375 0.06435185185185185
0 0.296828125 0.618462962962963 0.070921875 0.12025925925925926
0 0.38210416666666663 0.7156944444444445 0.08139062500000001 0.1297222222222222
0 0.5677656249999999 0.8112592592592592 0.04126041666666667 0.07285185185185186
0 0.6530468749999999 0.8475925925925926 0.058171875 0.0715
0 0.13811979166666666 0.030324074074074073 0.13053125000000002 0.060648148148148145
0 0.0203125 0.3181203703703704 0.040625 0.08226851851851852
0 0.144078125 0.4206388888888889 0.057942708333333336 0.06521296296296297
0 0.3075 0.3692685185185185 0.03895833333333333 0.07721296296296297