0 0.25601562499999997 0.5527083333333334 0.27337500000000003 0.377625
0 0.799875 0.32525 0.21364062499999997 0.28843749999999996
0 0.9524374999999999 0.11120833333333334 0.095140625 0.1421875
0 0.424234375 0.4366875 0.093203125 0.149125
0 0.36484375 0.7200833333333333 0.114421875 0.1163125
0 0.676296875 0.66525 0.144640625 0.12877083333333333
0 0.636640625 0.9525625000000001 0.06425 0.06995833333333333
0 0.2780625 0.9559791666666667 0.065296875 0.04752083333333333
0 0.5240781250000001 0.6981666666666667 0.1184375 0.13635416666666667
0 0.649453125 0.5274375 0.053078125 0.06795833333333333
0 0.045859375 0.7794583333333333 0.09171875 0.22747916666666665
0 0.582984375 0.838875 0.056734375000000004 0.10452083333333334
0 0.5559062499999999 0.3940416666666666 0.030609375 0.0834375
0 0.161578125 0.24189583333333334 0.056765625 0.12535416666666668