0 0.15803645833333332 0.08575925925925926 0.062046874999999994 0.11966666666666667
0 0.04375 0.2979444444444444 0.0875 0.24310185185185187
0 0.04895833333333333 0.5346759259259259 0.09791666666666667 0.20269444444444445
0 0.15999479166666666 0.2607037037037037 0.10761979166666666 0.13621296296296298
0 0.2801666666666666 0.41874074074074075 0.08342187499999999 0.19767592592592592
0 0.196703125 0.38801851851851854 0.09600520833333334 0.15543518518518518
0 0.19319270833333332 0.5425555555555556 0.10111458333333333 0.1721388888888889
0 0.13746354166666666 0.5150185185185185 0.068671875 0.16799074074074075
0 0.3442239583333333 0.6036296296296296 0.16363541666666667 0.25725925925925924
0 0.19853125 0.7864629629629629 0.08262499999999999 0.147
0 0.06911458333333333 0.8625925925925926 0.1175 0.18721296296296297
0 0.15257291666666667 0.9180555555555555 0.13027083333333334 0.1638888888888889
0 0.27547916666666666 0.9296296296296296 0.07196354166666666 0.14074074074074075
0 0.312453125 0.9122685185185185 0.09176041666666666 0.17546296296296296
0 0.38431770833333334 0.7591574074074074 0.07279687500000001 0.16089814814814815
0 0.5001979166666667 0.8528796296296296 0.07147916666666668 0.14001851851851851
0 0.4874375 0.7522222222222222 0.07511979166666666 0.10074074074074074
0 0.71828125 0.16310185185185186 0.099375 0.21638888888888888
0 0.7059010416666667 0.0349537037037037 0.09618229166666666 0.0699074074074074
0 0.86709375 0.011805555555555555 0.04497916666666667 0.02361111111111111
0 0.9847916666666666 0.1655925925925926 0.030416666666666665 0.12655555555555556
0 0.8980729166666667 0.33217592592592593 0.13677083333333334 0.3115833333333333
0 0.6682812499999999 0.29262962962962963 0.08061979166666666 0.15378703703703703
0 0.54940625 0.12625 0.048817708333333334 0.13121296296296298
0 0.4545 0.2861666666666667 0.065484375 0.08528703703703704
0 0.8159270833333333 0.6427499999999999 0.10303645833333334 0.21975
0 0.8228281249999999 0.5258981481481482 0.112671875 0.12031481481481482
0 0.9384479166666666 0.7269722222222222 0.12310937500000001 0.27708333333333335
0 0.7410572916666667 0.5462592592592593 0.07794791666666666 0.12400925925925926
0 0.7931406249999999 0.795037037037037 0.06788020833333334 0.08913888888888888
0 0.7818124999999999 0.9343425925925927 0.05147395833333333 0.08072222222222222
0 0.6426354166666666 0.9516203703703704 0.08764583333333334 0.09675925925925925
0 0.6770052083333333 0.8276574074074075 0.060572916666666664 0.09421296296296296
0 0.624921875 0.8415277777777778 0.06442708333333333 0.2330462962962963
0 0.5815729166666667 0.6973703703703703 0.07175 0.1438148148148148
0 0.447078125 0.6242500000000001 0.046473958333333336 0.12719444444444444
0 0.5867760416666666 0.6022685185185186 0.055088541666666664 0.11563888888888889
0 0.548890625 0.4807777777777778 0.04596875 0.09951851851851852
0 0.6056562499999999 0.47475925925925927 0.04702083333333333 0.11525925925925927
0 0.491734375 0.45 0.037885416666666664 0.0796388888888889
0 0.7139791666666666 0.7755925925925926 0.04911979166666667 0.12432407407407409
0 0.7681458333333333 0.47152777777777777 0.04496354166666667 0.08100925925925925
0 0.4642604166666667 0.20239814814814816 0.04334895833333333 0.05664814814814815
0 0.07406249999999999 0.7473703703703704 0.0815625 0.05862037037037037