0 0.6831302083333333 0.5031759259259259 0.22279687499999998 0.39894444444444443
0 0.698640625 0.041046296296296296 0.09611979166666668 0.08210185185185186
0 0.5125364583333334 0.257 0.12194791666666666 0.41562037037037036
0 0.402828125 0.1751574074074074 0.06225 0.11821296296296296
0 0.4483125 0.44837037037037036 0.07594270833333333 0.1492037037037037
0 0.9614583333333333 0.5472685185185184 0.07708333333333334 0.1093425925925926
0 0.0944375 0.36260185185185184 0.06668229166666667 0.11347222222222222
0 0.046171875 0.5441111111111111 0.05901041666666666 0.07834259259259259
0 0.013973958333333333 0.7318518518518519 0.027953125000000002 0.1174074074074074
0 0.2702916666666667 0.7917129629629629 0.10038541666666667 0.1260185185185185
0 0.7842187500000001 0.7364722222222222 0.0715625 0.1945462962962963
0 0.8521875 0.7971203703703703 0.075484375 0.09052777777777778
0 0.8840416666666666 0.6698425925925926 0.05865104166666667 0.08598148148148148
0 0.7129635416666668 0.7531481481481481 0.08309895833333333 0.11677777777777779
0 0.33669270833333337 0.6109074074074073 0.0804375 0.07305555555555555
0 0.40968750000000004 0.5820648148148148 0.033401041666666666 0.06165740740740741
0 0.20649479166666668 0.9577129629629629 0.10471875 0.08456481481481481
0 0.07534375 0.9654351851851852 0.08403645833333333 0.06913888888888889
0 0.048604166666666664 0.8527407407407408 0.04028645833333333 0.06287962962962963
0 0.4147239583333333 0.9608055555555556 0.07541145833333333 0.07839814814814815
0 0.6869270833333334 0.90525 0.19072916666666667 0.18950925925925924
0 0.7992395833333333 0.9114166666666667 0.101515625 0.17715740740740743
0 0.9727447916666667 0.9307129629629629 0.054515625 0.1385833333333333
0 0.92075 0.9654351851851852 0.06511458333333334 0.06913888888888889
0 0.356046875 0.7060462962962962 0.05388020833333333 0.07309259259259258
0 0.12785416666666666 0.8306944444444444 0.022421874999999997 0.0707037037037037
0 0.5839791666666667 0.5718055555555556 0.05981770833333333 0.0966851851851852
0 0.8400364583333333 0.6441574074074075 0.03729166666666666 0.06548148148148147