0 0.0528671875 0.23483333333333334 0.10572656250000001 0.19329166666666664
0 0.2202734375 0.05347222222222222 0.109453125 0.10694444444444444
0 0.0990625 0.134125 0.0628203125 0.11916666666666666
0 0.0411484375 0.5162361111111111 0.0822890625 0.20458333333333334
0 0.056484374999999996 0.39843055555555557 0.07765625000000001 0.13925
0 0.026039062499999998 0.8233194444444444 0.052078124999999996 0.2524444444444444
0 0.0522109375 0.9238472222222222 0.104421875 0.15231944444444445
0 0.20568749999999997 0.929625 0.0761171875 0.14073611111111112
0 0.750421875 0.17476388888888889 0.38834375 0.34954166666666664
0 0.41674218749999997 0.23231944444444447 0.1461953125 0.369625
0 0.57571875 0.30104166666666665 0.1329453125 0.3108888888888889
0 0.33796875000000004 0.17141666666666666 0.053015625 0.08865277777777777
0 0.9317734375000001 0.2306666666666667 0.1364609375 0.19236111111111112
0 0.2866640625 0.5004027777777778 0.1743671875 0.4119027777777778
0 0.38953125 0.7225833333333334 0.1042734375 0.18961111111111112
0 0.41934375 0.6261111111111112 0.0368359375 0.03833333333333334
0 0.7947031250000001 0.783 0.0647578125 0.120625
0 0.53821875 0.9099583333333333 0.166265625 0.18009722222222221
0 0.279765625 0.7244305555555556 0.1215078125 0.21183333333333335
0 0.410625 0.816125 0.067296875 0.08627777777777777
0 0.37389843749999996 0.9597222222222223 0.08321875 0.08055555555555556
0 0.2348515625 0.6501944444444444 0.0342890625 0.09868055555555555
0 0.667890625 0.9258055555555557 0.0735859375 0.11688888888888889
0 0.74809375 0.9828749999999999 0.0694375 0.03426388888888889