0 0.270953125 0.21585416666666665 0.208796875 0.22197916666666667
0 0.57490625 0.29010416666666666 0.069625 0.07002083333333334
0 0.626125 0.40260416666666665 0.102609375 0.14016666666666666
0 0.49990625 0.42412500000000003 0.141484375 0.17583333333333334
0 0.7071875000000001 0.6362708333333333 0.11853125 0.13275
0 0.863078125 0.6603541666666667 0.062265625000000005 0.06979166666666667
0 0.70390625 0.9351875 0.238734375 0.129625
0 0.47090624999999997 0.9006875 0.23279687500000001 0.19860416666666666
0 0.578734375 0.7839166666666666 0.22170312499999997 0.1595
0 0.2093125 0.6275 0.08553125 0.08739583333333334
0 0.61709375 0.6325833333333333 0.065125 0.0883125
0 0.175640625 0.3919375 0.10428124999999999 0.07814583333333333
0 0.0758125 0.7307291666666667 0.085171875 0.10427083333333333
0 0.494703125 0.2084375 0.0703125 0.07016666666666667