0 0.181078125 0.31487499999999996 0.12410937500000001 0.17897916666666666
0 0.45696875 0.19545833333333332 0.14503125 0.1340625
0 0.665640625 0.35402083333333334 0.098609375 0.1474791666666667
0 0.920671875 0.42933333333333334 0.158640625 0.30691666666666667
0 0.9124531250000001 0.2708541666666667 0.17509375 0.15422916666666667
0 0.8149218749999999 0.40818750000000004 0.067859375 0.1246875
0 0.539984375 0.5906666666666667 0.06490625 0.11589583333333334
0 0.637109375 0.6027708333333333 0.12309375 0.11602083333333332
0 0.446953125 0.05558333333333333 0.06982812499999999 0.098125
0 0.38660937500000003 0.065125 0.09915625 0.13025
0 0.270109375 0.131125 0.069515625 0.14095833333333332
0 0.283703125 0.26333333333333336 0.08351562500000001 0.12166666666666666
0 0.409375 0.7841666666666666 0.05390625 0.09456250000000001
0 0.45082812499999997 0.7203333333333333 0.08403125 0.10079166666666667
0 0.0389375 0.4094583333333333 0.057140625 0.08920833333333333
0 0.44731249999999995 0.3633125 0.058421875 0.09027083333333333
0 0.5245 0.7199166666666666 0.054484374999999995 0.06002083333333333