0 0.5172604166666667 0.11944444444444445 0.17433854166666668 0.2388888888888889
0 0.36388541666666663 0.4438333333333333 0.20503645833333334 0.4558425925925926
0 0.410484375 0.22598148148148148 0.09128125 0.1686388888888889
0 0.22885416666666666 0.7409722222222223 0.23583333333333334 0.5180555555555556
0 0.09084895833333334 0.6455092592592593 0.12648958333333335 0.2808425925925926
0 0.04309895833333333 0.9296296296296296 0.08619791666666667 0.14074074074074075
0 0.9109375 0.387712962962963 0.178125 0.34857407407407404
0 0.770484375 0.2900925925925926 0.05867708333333333 0.1440648148148148
0 0.8224270833333333 0.8047314814814815 0.186 0.24741666666666665
0 0.6798645833333333 0.7166296296296296 0.09618750000000001 0.1834074074074074
0 0.9556302083333333 0.8723611111111111 0.044994791666666666 0.13583333333333333
0 0.9052395833333333 0.8121574074074074 0.04953645833333333 0.09561111111111112
0 0.9884114583333333 0.7783703703703704 0.023177083333333334 0.11137037037037037
0 0.7068229166666666 0.9631944444444445 0.07645833333333334 0.07361111111111111
0 0.501890625 0.975925925925926 0.08528125 0.04814814814814815