0 0.0773203125 0.6973472222222222 0.10890625000000001 0.29191666666666666
0 0.2817265625 0.77 0.132375 0.3168611111111111
0 0.53821875 0.8422083333333333 0.1141875 0.2760972222222222
0 0.7473124999999999 0.8160555555555555 0.1491171875 0.3580277777777777
0 0.9618828125000001 0.6848472222222222 0.0762421875 0.27619444444444446
0 0.8488671875 0.4092361111111111 0.09184375 0.3129166666666667
0 0.7134609375000001 0.33034722222222224 0.1022421875 0.19680555555555554
0 0.9305 0.14845833333333333 0.1134765625 0.175625
0 0.7423671875 0.12695833333333334 0.0392265625 0.08168055555555556
0 0.7927500000000001 0.06504166666666666 0.0691796875 0.13009722222222223
0 0.9847890625 0.08759722222222223 0.0304140625 0.17519444444444446
0 0.8612343750000001 0.058916666666666666 0.054093749999999996 0.11783333333333333
0 0.5886015625 0.01634722222222222 0.0628984375 0.03269444444444444
0 0.3718203125 0.03855555555555556 0.0667734375 0.07711111111111112
0 0.535875 0.13133333333333333 0.0720078125 0.18766666666666668
0 0.307375 0.149625 0.14617968750000002 0.15479166666666666
0 0.0633828125 0.04988888888888889 0.056046874999999996 0.09886111111111112
0 0.42507031250000005 0.30188888888888893 0.056625 0.11675
0 0.590421875 0.42244444444444446 0.0436328125 0.18656944444444445
0 0.9623984374999999 0.3891388888888889 0.07520312500000001 0.13844444444444445
0 0.9350546874999999 0.5203472222222222 0.080921875 0.10920833333333332
0 0.5995390625 0.5235972222222223 0.05144531249999999 0.06940277777777777
0 0.7182734375 0.5980972222222222 0.050609375 0.09805555555555555
0 0.37429687500000003 0.4071805555555556 0.0488046875 0.10975
0 0.42715625 0.6075833333333333 0.052460937500000006 0.16793055555555556
0 0.6853359375 0.22415277777777776 0.0543203125 0.05386111111111111
0 0.29188281250000003 0.5534444444444445 0.0860234375 0.10595833333333335
0 0.017710937500000003 0.43356944444444445 0.035414062499999996 0.09769444444444444
0 0.891046875 0.2711111111111111 0.038734375 0.11538888888888889