0 0.081875 0.07627777777777778 0.076359375 0.10531944444444444
0 0.1616875 0.2583888888888889 0.0547578125 0.10381944444444445
0 0.21259375 0.3673888888888889 0.06492187499999999 0.12272222222222222
0 0.1404609375 0.46712499999999996 0.058140625 0.12312500000000001
0 0.0111953125 0.5756527777777778 0.0223984375 0.11334722222222222
0 0.291359375 0.7036250000000001 0.10789843750000001 0.14241666666666666
0 0.8051328124999999 0.7028888888888889 0.29390625 0.39558333333333334
0 0.8431484375 0.22733333333333333 0.228296875 0.4546527777777778
0 0.9561484374999999 0.5675277777777777 0.0876953125 0.27765277777777775
0 0.9780234374999999 0.7521944444444445 0.043953124999999996 0.24883333333333332
0 0.0364296875 0.20401388888888888 0.039632812499999996 0.08302777777777778
0 0.0125 0.4798611111111111 0.025 0.07915277777777778
0 0.17821875 0.9678194444444445 0.081578125 0.06434722222222222
0 0.2355078125 0.5927777777777778 0.08159374999999999 0.13831944444444444
0 0.4774140625 0.44561111111111107 0.07173437499999999 0.17356944444444444
0 0.3612734375 0.5705694444444445 0.04359375 0.09390277777777778
0 0.39864062499999997 0.6601111111111111 0.070421875 0.11097222222222224
0 0.9806250000000001 0.03843055555555556 0.03875 0.07684722222222222
0 0.2411015625 0.28825 0.0469609375 0.08483333333333333
0 0.24644531249999999 0.4196944444444445 0.038890625 0.06993055555555555
0 0.396953125 0.17577777777777778 0.0503671875 0.09137500000000001
0 0.500328125 0.3255138888888889 0.0467421875 0.06212499999999999
0 0.5733671874999999 0.023374999999999996 0.0386796875 0.04676388888888889
0 0.692109375 0.5353888888888889 0.051203125 0.079125
0 0.734421875 0.4314861111111111 0.07334375 0.11666666666666667