0 0.0125 0.1552361111111111 0.025 0.2598888888888889
0 0.2556953125 0.07893055555555556 0.20528125 0.15787500000000002
0 0.104296875 0.6102777777777777 0.20859375 0.6918472222222222
0 0.476375 0.32858333333333334 0.15714843750000002 0.4178194444444444
0 0.0921640625 0.8949027777777778 0.1469296875 0.21018055555555556
0 0.19632031249999998 0.844125 0.10528124999999999 0.14600000000000002
0 0.30567968749999996 0.628 0.08446875000000001 0.198625
0 0.2931796875 0.43633333333333335 0.0780234375 0.21431944444444445
0 0.23889062499999997 0.27672222222222226 0.1008515625 0.1882361111111111
0 0.6323359375 0.8902777777777777 0.149578125 0.21944444444444444
0 0.5268828125 0.8135277777777777 0.0792890625 0.2187222222222222
0 0.3869296875 0.9805555555555555 0.0782265625 0.03888888888888889
0 0.5858671875 0.5460138888888889 0.138671875 0.22073611111111113
0 0.575453125 0.37020833333333336 0.06576562500000001 0.16793055555555556
0 0.61815625 0.35677777777777775 0.0428515625 0.09294444444444444
0 0.5757109375 0.23227777777777778 0.07670312500000001 0.11786111111111111
0 0.6016874999999999 0.15822222222222224 0.0783984375 0.12891666666666665
0 0.6470703125 0.06620833333333334 0.0504375 0.13240277777777779
0 0.45997656249999996 0.03958333333333333 0.057437499999999996 0.07916666666666666
0 0.820875 0.8625 0.17477343750000002 0.275
0 0.8147578125000001 0.7235277777777779 0.1391015625 0.0803888888888889
0 0.9152812499999999 0.8241666666666666 0.12860156250000002 0.23074999999999998
0 0.9312890625 0.3637222222222222 0.0726875 0.1438472222222222
0 0.898609375 0.4521111111111111 0.046390625000000005 0.050416666666666665
0 0.11860156250000001 0.5974583333333333 0.0995625 0.18565277777777775