0 0.04930208333333333 0.07191666666666667 0.05972916666666667 0.14382407407407408
0 0.10128645833333333 0.24735185185185185 0.080703125 0.17617592592592593
0 0.16379166666666667 0.38263888888888886 0.127625 0.23378703703703704
0 0.44605729166666663 0.42336111111111113 0.10475520833333334 0.26585185185185184
0 0.5293802083333333 0.3065740740740741 0.08271354166666667 0.2822777777777778
0 0.6558541666666666 0.3221388888888889 0.17995833333333333 0.35971296296296296
0 0.7311927083333334 0.37724074074074077 0.07095312499999999 0.18287962962962961
0 0.7908229166666667 0.4551574074074074 0.074953125 0.12575
0 0.7499322916666666 0.4957685185185185 0.06375520833333333 0.11092592592592593
0 0.3409479166666667 0.5581018518518519 0.09449479166666667 0.10973148148148149
0 0.23018229166666665 0.5720925925925926 0.08675520833333333 0.18060185185185187
0 0.37114583333333334 0.4695185185185185 0.049234375000000004 0.08964814814814814
0 0.018317708333333335 0.29487037037037034 0.03663020833333333 0.13541666666666666
0 0.08644791666666667 0.4574814814814815 0.03539583333333333 0.07175925925925926
0 0.13618750000000002 0.5921574074074074 0.061307291666666666 0.1157962962962963
0 0.5375416666666666 0.5046851851851851 0.036375000000000005 0.09825925925925927
0 0.6497708333333333 0.5892314814814815 0.035875 0.06982407407407407
0 0.9572083333333333 0.5366203703703704 0.04080729166666666 0.07880555555555556
0 0.6469114583333333 0.7653703703703704 0.08847395833333334 0.15197222222222223
0 0.8871666666666667 0.43041666666666667 0.031572916666666666 0.0639074074074074
0 0.9631979166666667 0.41683333333333333 0.04410416666666667 0.0737962962962963
0 0.9883697916666667 0.342787037037037 0.023265625 0.0615
0 0.9079114583333333 0.774787037037037 0.09945312499999999 0.17326851851851852
0 0.8263229166666667 0.8914166666666666 0.10291145833333333 0.16223148148148148
0 0.7480260416666666 0.8936759259259259 0.06340625 0.2126574074074074
0 0.47565625 0.8152407407407408 0.11673958333333333 0.12249074074074073
0 0.5596770833333333 0.8474259259259259 0.08064583333333333 0.2474351851851852
0 0.6014270833333334 0.9745092592592592 0.061385416666666665 0.05099074074074074
0 0.18262499999999998 0.9109907407407407 0.07086458333333333 0.17705555555555555
0 0.033505208333333335 0.7632685185185185 0.067015625 0.2603796296296296
0 0.7878802083333334 0.7786296296296296 0.042046875000000004 0.14072222222222222
0 0.8086249999999999 0.7141574074074074 0.04221875 0.09201851851851851
0 0.9553906249999999 0.9150092592592592 0.08921875 0.13693518518518516
0 0.33176041666666667 0.8794166666666666 0.06776562500000001 0.10525
0 0.32715625 0.7065833333333333 0.047453125 0.16637962962962963
0 0.43904166666666666 0.8509814814814814 0.08236458333333332 0.18356481481481482
0 0.06815625 0.8787592592592592 0.10713020833333334 0.12800925925925927
0 0.19990625 0.7789537037037036 0.041796875 0.08580555555555555
0 0.23124479166666667 0.8587314814814815 0.03615104166666667 0.0663611111111111
0 0.261015625 0.7076759259259259 0.052895833333333336 0.08523148148148148
0 0.10070312499999999 0.7760185185185186 0.04724479166666666 0.08919444444444444
0 0.47888020833333333 0.634537037037037 0.035671875 0.19203703703703703
0 0.2944375 0.5595462962962963 0.04866145833333334 0.2704537037037037