0 0.06328125 0.7852777777777779 0.1265625 0.3381388888888889
0 0.061328125 0.9111111111111111 0.12265625 0.17777777777777778
0 0.030729166666666665 0.5751759259259259 0.06145833333333333 0.23275
0 0.39721875 0.6981481481481482 0.24254166666666668 0.6037037037037037
0 0.8667864583333333 0.27099074074074075 0.024932291666666665 0.08806481481481482
0 0.9049739583333333 0.23019444444444445 0.07505729166666668 0.09147222222222223
0 0.975390625 0.6242592592592593 0.04921875 0.0716574074074074
0 0.92359375 0.7029351851851852 0.06281770833333333 0.09937962962962962
0 0.09658333333333333 0.03958333333333333 0.04120833333333333 0.07916666666666666
0 0.13838020833333334 0.047685185185185185 0.051890624999999996 0.09537037037037037
0 0.6410677083333333 0.4955925925925926 0.04463541666666667 0.0735925925925926
0 0.6387291666666666 0.43334259259259256 0.04858854166666667 0.08335185185185184
0 0.6647656249999999 0.5381759259259259 0.034734375 0.04764814814814815
0 0.5715468749999999 0.8269722222222222 0.026703125 0.051166666666666666
0 0.6296093749999999 0.7593981481481481 0.04255208333333334 0.06416666666666666
0 0.5833958333333332 0.19061111111111112 0.052484375 0.06413888888888888
0 0.39513020833333334 0.37734259259259256 0.08421875 0.09171296296296295
0 0.45059375 0.37319444444444444 0.03683854166666667 0.07397222222222222
0 0.27050520833333336 0.1963703703703704 0.04184895833333333 0.07631481481481482
0 0.29018229166666665 0.11746296296296296 0.059015625 0.08586111111111111
0 0.19219791666666666 0.07857407407407407 0.04821875 0.08323148148148148
0 0.228109375 0.07272222222222223 0.036083333333333335 0.05689814814814815
0 0.182109375 0.022250000000000002 0.034515625 0.04376851851851852
0 0.3907864583333333 0.15062962962962964 0.023776041666666668 0.08830555555555555
0 0.4093125 0.24133333333333332 0.021500000000000002 0.12337037037037038
0 0.583921875 0.5935833333333334 0.045765625000000004 0.07413888888888888
0 0.9636927083333333 0.5184444444444444 0.07261458333333333 0.13833333333333334
0 0.7089479166666667 0.35088888888888886 0.047890625 0.06806481481481481
0 0.455921875 0.2760925925925926 0.05381770833333333 0.06848148148148148
0 0.6100625 0.24026851851851852 0.04602083333333333 0.10560185185185185
0 0.9806718750000001 0.13306481481481483 0.038656249999999996 0.09710185185185186
0 0.95496875 0.08369444444444445 0.04282291666666667 0.0788425925925926
0 0.6461770833333333 0.10416666666666667 0.036494791666666665 0.13442592592592592
0 0.5348437500000001 0.01848148148148148 0.050333333333333334 0.036953703703703704