0 0.157765625 0.3573125 0.10378125 0.12406249999999999
0 0.246671875 0.4936666666666667 0.080859375 0.30164583333333334
0 0.3113125 0.4761875 0.10284374999999998 0.16014583333333335
0 0.392921875 0.35712499999999997 0.07660937500000001 0.14270833333333333
0 0.074875 0.5184166666666666 0.077828125 0.11522916666666667
0 0.184890625 0.5085416666666667 0.049562499999999995 0.08022916666666666
0 0.308015625 0.965375 0.093203125 0.06925
0 0.050093750000000006 0.9577708333333333 0.100171875 0.08445833333333333
0 0.9781718749999999 0.8930833333333333 0.04365625 0.21383333333333335
0 0.770453125 0.4585208333333333 0.154484375 0.1194375
0 0.156421875 0.7200833333333333 0.103609375 0.15241666666666667
0 0.044203124999999996 0.7585 0.062203125000000005 0.09331249999999999
0 0.0804375 0.8610833333333333 0.067125 0.11435416666666667
0 0.519515625 0.31235416666666665 0.06414062499999999 0.079625
0 0.933734375 0.1200625 0.044375 0.07012499999999999
0 0.969265625 0.19570833333333332 0.06146875 0.10616666666666667
0 0.9780625000000001 0.3208125 0.043875 0.15654166666666666
0 0.623890625 0.6169375 0.13309375 0.2511875
0 0.53203125 0.7929999999999999 0.08735937499999999 0.10545833333333333
0 0.752625 0.9760624999999999 0.107375 0.047875
0 0.7427343750000001 0.7973333333333333 0.057296875000000004 0.134875
0 0.8018281249999999 0.8836875000000001 0.07229687500000001 0.11985416666666666
0 0.96621875 0.6523958333333333 0.06754687499999999 0.13020833333333334
0 0.70859375 0.5111041666666667 0.095953125 0.18275
0 0.864671875 0.6301041666666667 0.087953125 0.16229166666666667
0 0.10334375 0.3238333333333333 0.0540625 0.06987499999999999
0 0.45796875000000004 0.5399791666666667 0.025750000000000002 0.09610416666666667
0 0.5035624999999999 0.6545625 0.049062499999999995 0.07572916666666667
0 0.416609375 0.7757291666666667 0.09090625 0.10522916666666667
0 0.8637812500000001 0.9685833333333334 0.0689375 0.06283333333333334
0 0.227203125 0.96675 0.07984375 0.0665
0 0.53953125 0.5230625 0.065953125 0.06983333333333334
0 0.61284375 0.4749375 0.061203125000000004 0.04302083333333333
0 0.12928125 0.4872708333333333 0.05234375 0.06766666666666667
0 0.222703125 0.3325208333333334 0.04171875 0.035354166666666666
0 0.9169375000000001 0.3085833333333333 0.0915 0.07629166666666666
0 0.91765625 0.3625625 0.050359375 0.07210416666666666