0 0.205171875 0.13899074074074075 0.06674479166666666 0.06872222222222223
0 0.5789687499999999 0.06620370370370371 0.056130208333333334 0.13240740740740742
0 0.7862447916666666 0.30999074074074073 0.06866145833333334 0.15608333333333332
0 0.9540677083333333 0.14383333333333334 0.09186458333333333 0.1478611111111111
0 0.9879166666666667 0.34376851851851853 0.024166666666666666 0.19587037037037036
0 0.9682291666666667 0.5071388888888889 0.06354166666666666 0.1985462962962963
0 0.969171875 0.7385648148148148 0.061656249999999996 0.1428611111111111
0 0.7470572916666666 0.7945555555555556 0.12359895833333333 0.19003703703703703
0 0.743015625 0.6703055555555555 0.06136458333333333 0.09430555555555555
0 0.8824583333333333 0.942675925925926 0.061125 0.07887037037037038
0 0.7755677083333333 0.9377314814814814 0.08480208333333333 0.12453703703703704
0 0.5212916666666667 0.4594722222222222 0.12200000000000001 0.2235648148148148
0 0.2860260416666666 0.27458333333333335 0.08472395833333332 0.14546296296296296
0 0.22547916666666667 0.4900277777777778 0.06778645833333334 0.13653703703703704
0 0.18069270833333334 0.6194351851851851 0.094859375 0.21112037037037037
0 0.15581770833333333 0.4770740740740741 0.061119791666666666 0.09211111111111112
0 0.0515625 0.4287037037037037 0.103125 0.11112037037037037
0 0.40997395833333333 0.7746574074074074 0.10765625 0.1595
0 0.5145208333333333 0.6985092592592592 0.11470833333333334 0.27109259259259255
0 0.40476562499999996 0.6048055555555556 0.07641145833333333 0.14387037037037037
0 0.6064375 0.5108518518518519 0.07149479166666667 0.16892592592592592
0 0.75825 0.4752222222222222 0.06475 0.12543518518518518
0 0.8543333333333333 0.4789259259259259 0.06528645833333332 0.11433333333333334
0 0.8884479166666667 0.553212962962963 0.05435416666666667 0.09160185185185186
0 0.797828125 0.5279814814814815 0.05851041666666667 0.1013425925925926
0 0.674921875 0.6304907407407407 0.06473958333333334 0.12580555555555556
0 0.2950052083333333 0.7156574074074074 0.05894791666666667 0.09242592592592593
0 0.35058854166666664 0.9480000000000001 0.042994791666666664 0.07673148148148148
0 0.38171875 0.8943055555555556 0.046984374999999995 0.0793611111111111
0 0.6026614583333333 0.9747685185185185 0.055609374999999996 0.050462962962962966
0 0.5822239583333333 0.8952314814814815 0.04180729166666666 0.08121296296296296
0 0.6370364583333333 0.775824074074074 0.038953125000000005 0.0831388888888889
0 0.9696927083333333 0.8651481481481481 0.06061458333333333 0.12287962962962963
0 0.814234375 0.4419074074074074 0.05173958333333333 0.07732407407407407
0 0.47441666666666665 0.30999074074074073 0.049078125 0.15608333333333332
0 0.522328125 0.26764814814814814 0.03658854166666667 0.08530555555555555
0 0.5557916666666666 0.2977314814814815 0.034770833333333334 0.09916666666666667
0 0.35997395833333334 0.4171388888888889 0.05140625 0.11575925925925926
0 0.07653645833333332 0.8385370370370371 0.08442708333333333 0.08355555555555555
0 0.6666979166666667 0.496287037037037 0.04889583333333333 0.06294444444444444
0 0.6338906249999999 0.9206944444444445 0.04159895833333334 0.06299074074074074