0 0.35671875000000003 0.2471111111111111 0.0865546875 0.22894444444444445
0 0.4793671875 0.1235138888888889 0.0339765625 0.0965
0 0.633109375 0.6159722222222223 0.37507812500000004 0.7680555555555556
0 0.616203125 0.33269444444444446 0.0389453125 0.067
0 0.596796875 0.2690416666666667 0.0394375 0.07881944444444444
0 0.6241484374999999 0.2665 0.0360859375 0.08761111111111111
0 0.9276328125 0.4069583333333333 0.0943203125 0.07688888888888888
0 0.757859375 0.35886111111111113 0.0681328125 0.16745833333333332
0 0.674921875 0.02684722222222222 0.0543203125 0.05370833333333334
0 0.9845078125000001 0.18480555555555556 0.0309921875 0.09554166666666668
0 0.9903671875000001 0.017597222222222222 0.0192734375 0.035180555555555555
0 0.9760390624999999 0.47152777777777777 0.0479140625 0.08101388888888889
0 0.8236015625 0.672611111111111 0.0399140625 0.08968055555555554
0 0.8820703125 0.6427916666666667 0.054093749999999996 0.11348611111111111
0 0.9202109374999999 0.9493055555555555 0.061250000000000006 0.10138888888888889
0 0.87803125 0.8165416666666666 0.05435156249999999 0.12754166666666666
0 0.3608828125 0.4021111111111111 0.0261484375 0.05327777777777778
0 0.283546875 0.6464722222222222 0.040195312500000004 0.09756944444444444
0 0.25256249999999997 0.9361944444444443 0.055296875 0.10294444444444445
0 0.395125 0.8248888888888888 0.038390625 0.10716666666666666
0 0.44759374999999996 0.9345694444444445 0.045429687499999996 0.09506944444444444
0 0.4832734375 0.960875 0.031375 0.0782361111111111
0 0.0521875 0.9828749999999999 0.041976562499999995 0.03426388888888889
0 0.2468359375 0.8387777777777777 0.0355 0.060875
0 0.1365546875 0.6596666666666666 0.033 0.06376388888888888
0 0.17378906249999998 0.6723888888888889 0.0435625 0.07533333333333334
0 0.0409921875 0.7880972222222221 0.027914062499999996 0.066
0 0.164546875 0.5796111111111111 0.0290859375 0.05002777777777778
0 0.19371093749999999 0.5620138888888888 0.027164062500000002 0.06290277777777778
0 0.22039843750000002 0.475 0.028468749999999998 0.03704166666666667