0 0.07703125 0.03841666666666667 0.10704687500000001 0.07685416666666667
0 0.050296875 0.16839583333333333 0.070234375 0.09004166666666666
0 0.231890625 0.4715 0.14456249999999998 0.22910416666666666
0 0.0673125 0.44814583333333335 0.0709375 0.0759375
0 0.087625 0.9678333333333333 0.131 0.06435416666666667
0 0.3561875 0.7195833333333332 0.12375 0.20675
0 0.451828125 0.3000208333333333 0.215078125 0.31668749999999996
0 0.89275 0.7260624999999999 0.138984375 0.14564583333333334
0 0.97153125 0.7446458333333333 0.056937499999999995 0.2801666666666666
0 0.51728125 0.6612708333333334 0.07378124999999999 0.07164583333333334
0 0.19559375 0.6136041666666666 0.074765625 0.07814583333333333
0 0.28900000000000003 0.5379375 0.08937500000000001 0.10735416666666667
0 0.127546875 0.7748958333333333 0.06689062500000001 0.09979166666666667