0 0.20542968749999999 0.051152777777777776 0.1026796875 0.10231944444444445
0 0.32065625 0.06334722222222222 0.05192187499999999 0.08720833333333333
0 0.520765625 0.016430555555555556 0.0501328125 0.032875
0 0.6133359375 0.1623888888888889 0.0498828125 0.09281944444444444
0 0.7043515625000001 0.20173611111111112 0.07359375 0.1345
0 0.8215234375 0.17719444444444443 0.0579921875 0.08172222222222222
0 0.5553984375 0.25587499999999996 0.06940625 0.09102777777777779
0 0.10609375000000001 0.40115277777777775 0.10604687500000001 0.1810277777777778
0 0.0898203125 0.9493055555555555 0.1359921875 0.10138888888888889
0 0.3102421875 0.8887499999999999 0.07275000000000001 0.12379166666666666
0 0.081484375 0.7892361111111111 0.154734375 0.13775
0 0.11767968749999999 0.6937083333333334 0.11672656249999999 0.1227638888888889
0 0.14059375000000002 0.8269583333333332 0.0813125 0.1252222222222222
0 0.022890625 0.8538472222222222 0.04578125 0.13581944444444446
0 0.60421875 0.5400972222222222 0.1974921875 0.37444444444444447
0 0.462953125 0.6435 0.09465625 0.1815138888888889
0 0.7879375 0.7294027777777777 0.130375 0.5412083333333334
0 0.8889687500000001 0.5669027777777778 0.11581250000000001 0.20969444444444443
0 0.46829687499999995 0.4983611111111111 0.071484375 0.11616666666666667
0 0.12444531249999999 0.5324166666666666 0.051109375 0.08888888888888889
0 0.0209609375 0.6335416666666667 0.0419296875 0.07644444444444444
0 0.3541171875 0.8193333333333332 0.0396875 0.09606944444444444
0 0.33302343749999996 0.374125 0.045414062500000005 0.072125