0 0.597484375 0.150375 0.14254687500000002 0.1909375
0 0.713609375 0.280875 0.094296875 0.09660416666666666
0 0.897796875 0.19570833333333332 0.11828125 0.11875
0 0.9506875000000001 0.5659375 0.098609375 0.14018750000000002
0 0.6266406250000001 0.7256041666666667 0.098109375 0.0984375
0 0.46171875 0.7140208333333333 0.08765625 0.15860416666666666
0 0.35809375 0.9331041666666666 0.1525625 0.13379166666666667
0 0.093359375 0.9447500000000001 0.109125 0.09691666666666668
0 0.329265625 0.7524583333333333 0.064375 0.11508333333333334
0 0.056203125 0.6367499999999999 0.09315625 0.08739583333333334
0 0.45704687499999996 0.5344374999999999 0.16993750000000002 0.20685416666666667
0 0.641734375 0.5532083333333334 0.074453125 0.16564583333333335
0 0.31590625 0.5196666666666666 0.087640625 0.04766666666666666
0 0.19490625 0.5240416666666666 0.090046875 0.09810416666666667
0 0.11956249999999999 0.566625 0.072671875 0.07216666666666667
0 0.450609375 0.2878125 0.12376562499999999 0.11047916666666667
0 0.0673125 0.4539375 0.057046875 0.10137499999999999
0 0.858390625 0.7778958333333333 0.047796875 0.1196875
0 0.260359375 0.24939583333333332 0.07373437499999999 0.1225
0 0.03571875 0.13902083333333334 0.057734375000000004 0.11641666666666667
0 0.128421875 0.3169583333333333 0.059828124999999996 0.0614375
0 0.9092499999999999 0.9655 0.07821875 0.06897916666666666
0 0.217125 0.73975 0.0595 0.06308333333333334
0 0.6853125 0.8582083333333334 0.057140625 0.06272916666666667
0 0.51484375 0.8077708333333333 0.0578125 0.08218750000000001