0 0.6354739583333333 0.8591018518518518 0.13581770833333331 0.268212962962963
0 0.955625 0.3773333333333333 0.07999479166666666 0.12874074074074074
0 0.8828437499999999 0.42064814814814816 0.06725 0.13185185185185186
0 0.98515625 0.7168148148148148 0.0296875 0.10862962962962962
0 0.6927604166666667 0.2676851851851852 0.07333333333333333 0.13685185185185186
0 0.6223229166666666 0.4058333333333333 0.09701562500000001 0.12444444444444445
0 0.14476041666666667 0.4201851851851852 0.09381250000000001 0.14203703703703704
0 0.21116145833333333 0.04652777777777778 0.059973958333333334 0.09305555555555556
0 0.07601562499999999 0.23736111111111113 0.054223958333333336 0.0725
0 0.03333333333333333 0.49469444444444444 0.06666666666666667 0.13189814814814813
0 0.7490052083333333 0.7291111111111112 0.06501041666666667 0.09362962962962963
0 0.36518229166666666 0.17950925925925926 0.061822916666666665 0.10486111111111111
0 0.43483854166666663 0.12189814814814816 0.06573958333333334 0.12287962962962963
0 0.53275 0.2449722222222222 0.07825520833333334 0.10475
0 0.6073489583333332 0.5777685185185185 0.046239583333333334 0.10927777777777778
0 0.15309375 0.08949074074074075 0.07715104166666667 0.09508333333333333
0 0.03565104166666667 0.07398148148148148 0.056817708333333335 0.07517592592592592