0 0.719859375 0.4341666666666667 0.4670546875 0.696125
0 0.70096875 0.9238472222222222 0.1480703125 0.15231944444444445
0 0.6949765625000001 0.7982638888888889 0.12358593749999999 0.14190277777777777
0 0.886359375 0.6973611111111111 0.0560546875 0.16233333333333333
0 0.4501953125 0.3338611111111111 0.06393750000000001 0.10634722222222222
0 0.3906953125 0.2731944444444444 0.082953125 0.11491666666666665
0 0.3796328125 0.4051388888888889 0.0511484375 0.13045833333333334
0 0.0307265625 0.8682916666666666 0.0614609375 0.26343055555555556
0 0.038515625 0.47984722222222226 0.047859374999999996 0.09766666666666665
0 0.0762734375 0.5039444444444444 0.05890625000000001 0.11338888888888889
0 0.156859375 0.5418611111111111 0.08403125 0.11058333333333334
0 0.29109375000000004 0.10061111111111111 0.0842734375 0.14693055555555556
0 0.4835234375 0.03958333333333333 0.06809375 0.07916666666666666
0 0.6507031249999999 0.10126388888888889 0.100359375 0.09974999999999999
0 0.56515625 0.22320833333333334 0.098546875 0.20011111111111113
0 0.01640625 0.361125 0.0328125 0.1426388888888889
0 0.4188203125 0.9334166666666666 0.0482890625 0.078875
0 0.55878125 0.9068055555555555 0.046734375 0.058055555555555555
0 0.6275234375000001 0.7228333333333334 0.0488046875 0.11140277777777777
0 0.9747421875000001 0.8570416666666667 0.050523437500000004 0.12056944444444445
0 0.3082890625 0.5287083333333333 0.05842968750000001 0.07777777777777778
0 0.3632265625 0.5370416666666666 0.057914062499999995 0.079625
0 0.049453125 0.2947222222222222 0.04484375 0.07926388888888888