0 0.169640625 0.27087500000000003 0.14754687500000002 0.15658333333333332
0 0.031078125 0.19475 0.06215625 0.1200625
0 0.083984375 0.35862499999999997 0.10704687500000001 0.14477083333333332
0 0.251671875 0.7788333333333333 0.12415625 0.15858333333333335
0 0.31659375 0.8998541666666667 0.12790625 0.146
0 0.44992187499999997 0.3882083333333333 0.11126562499999999 0.15510416666666668
0 0.72384375 0.2972708333333333 0.124078125 0.1075
0 0.6276875000000001 0.1318125 0.089078125 0.1423125
0 0.44567187500000005 0.208875 0.07503125000000001 0.12514583333333335
0 0.840171875 0.4261666666666667 0.094671875 0.13843750000000002
0 0.5815 0.4185416666666667 0.063375 0.07225
0 0.54365625 0.13874999999999998 0.09009375 0.1469375
0 0.522828125 0.3229375 0.082734375 0.063375
0 0.7260156249999999 0.6305416666666667 0.074265625 0.10047916666666666
0 0.6305468750000001 0.804 0.0594375 0.08775
0 0.6656718749999999 0.7456666666666667 0.072765625 0.0819375
0 0.872265625 0.6522916666666667 0.124921875 0.10377083333333334
0 0.497453125 0.6682083333333334 0.053921874999999994 0.08070833333333334
0 0.28190624999999997 0.47385416666666663 0.047093750000000004 0.10529166666666666
0 0.216546875 0.6342916666666666 0.040109375 0.07935416666666667
0 0.9535312499999999 0.4371875 0.092953125 0.16668750000000002
0 0.237875 0.44020833333333337 0.074921875 0.076
0 0.32599999999999996 0.5037916666666666 0.054015625 0.04935416666666667
0 0.24337499999999998 0.606875 0.0418125 0.09785416666666666
0 0.27575 0.6404583333333334 0.044796875 0.0668125
0 0.022421875 0.6646666666666667 0.04484375 0.0960625
0 0.111234375 0.7040208333333333 0.043015625 0.088125
0 0.3765625 0.13399999999999998 0.06396874999999999 0.07372916666666667