0 0.405453125 0.22477083333333334 0.410921875 0.4495416666666667
0 0.54575 0.44245833333333334 0.23904687500000002 0.5789583333333332
0 0.20325000000000001 0.7133125 0.198375 0.26366666666666666
0 0.257578125 0.5516249999999999 0.13484374999999998 0.082875
0 0.500265625 0.7918333333333333 0.11474999999999999 0.20429166666666668
0 0.8804375 0.39495833333333336 0.12475 0.18783333333333332
0 0.8695 0.5233958333333333 0.081125 0.09304166666666666
0 0.428390625 0.4789791666666667 0.054000000000000006 0.18187499999999998
0 0.0885 0.9186041666666667 0.11884375 0.12331249999999999
0 0.717953125 0.6599166666666666 0.04978125 0.10702083333333333
0 0.8491875 0.8195833333333333 0.10392187500000001 0.07470833333333333
0 0.9306093750000001 0.643 0.042249999999999996 0.06747916666666667
0 0.8295781249999999 0.3577083333333333 0.05428125 0.10960416666666667
0 0.774375 0.6099374999999999 0.03528125 0.07735416666666667
0 0.6773281250000001 0.7751666666666667 0.05228125 0.0895