0 0.2200078125 0.08645833333333333 0.042265625 0.08865277777777777
0 0.2452734375 0.24427777777777776 0.06987499999999999 0.11725000000000001
0 0.28381249999999997 0.37525000000000003 0.0969609375 0.11069444444444444
0 0.613734375 0.22526388888888887 0.1714921875 0.36626388888888883
0 0.9506484374999999 0.03263888888888889 0.0986953125 0.06527777777777778
0 0.9759375 0.3826527777777778 0.048125 0.1255
0 0.9083359375000001 0.8729166666666667 0.1833359375 0.25416666666666665
0 0.7385937499999999 0.8137777777777777 0.075421875 0.08495833333333333
0 0.4422578125 0.7577638888888889 0.09516406250000001 0.167375
0 0.5043671875 0.6670555555555555 0.056898437499999996 0.13411111111111113
0 0.569203125 0.699 0.047015625 0.09613888888888888
0 0.34890625000000003 0.6112777777777778 0.09176562499999999 0.15681944444444443
0 0.602015625 0.5150138888888889 0.0855546875 0.1494861111111111
0 0.11090625000000001 0.9666666666666667 0.099015625 0.06666666666666667
0 0.1892890625 0.8114722222222223 0.062054687500000004 0.07108333333333333
0 0.21871093749999998 0.7163472222222222 0.050078124999999994 0.09844444444444443
0 0.12444531249999999 0.48448611111111106 0.051109375 0.08840277777777777