0 0.053125 0.058104166666666665 0.10625 0.11620833333333333
0 0.19439062499999998 0.059250000000000004 0.13621875 0.11852083333333334
0 0.13604687499999998 0.3960208333333333 0.24709374999999997 0.5133333333333333
0 0.3919375 0.6550833333333334 0.136953125 0.18614583333333332
0 0.024484375 0.8123958333333333 0.048953125 0.0914375
0 0.12285937499999999 0.9701458333333334 0.0709375 0.05972916666666667
0 0.544875 0.6656666666666666 0.153984375 0.15910416666666669
0 0.9406718749999999 0.6242916666666667 0.08203125 0.13197916666666668
0 0.856828125 0.8463958333333333 0.13078125000000002 0.16408333333333333
0 0.5401875 0.7920625 0.069265625 0.097375
0 0.236046875 0.9470624999999999 0.05290625 0.07377083333333333
0 0.292109375 0.8853125 0.048812499999999995 0.09141666666666667
0 0.34315625 0.8274166666666667 0.0745 0.13539583333333333
0 0.434125 0.9531041666666666 0.063 0.09377083333333333
0 0.9545625 0.9423541666666666 0.084609375 0.11527083333333334
0 0.768296875 0.9701458333333334 0.074078125 0.05972916666666667
0 0.60146875 0.8429583333333334 0.04775 0.08814583333333334
0 0.64365625 0.7881250000000001 0.057140625 0.06358333333333334
0 0.37179687499999997 0.9288124999999999 0.044984375 0.07847916666666667
0 0.39696875 0.8306666666666668 0.047031250000000004 0.07708333333333334