0 0.546078125 0.2720208333333333 0.213 0.2838541666666667
0 0.26625 0.1448125 0.082765625 0.20204166666666667
0 0.14178125 0.06852083333333334 0.092125 0.13704166666666667
0 0.144046875 0.1929375 0.091078125 0.1243125
0 0.69434375 0.5030416666666667 0.10853125 0.24483333333333332
0 0.875578125 0.41787500000000005 0.065515625 0.13741666666666666
0 0.968921875 0.2660625 0.06215625 0.07066666666666667
0 0.9148125 0.70575 0.118984375 0.13572916666666668
0 0.941546875 0.6388125 0.09418750000000001 0.16097916666666665
0 0.79503125 0.5150208333333334 0.115484375 0.09393750000000001
0 0.22425 0.843625 0.118171875 0.14002083333333332
0 0.191609375 0.4953958333333333 0.11399999999999999 0.16291666666666668
0 0.093359375 0.722125 0.164671875 0.21645833333333334
0 0.034890624999999995 0.8853333333333333 0.06979687500000001 0.221
0 0.3450625 0.8119583333333333 0.084859375 0.103875
0 0.65284375 0.8547291666666667 0.09667187499999999 0.1066875
0 0.85040625 0.9056458333333333 0.08204687499999999 0.07889583333333333
0 0.84103125 0.5861041666666666 0.084140625 0.14816666666666667
0 0.41884375 0.24472916666666666 0.100875 0.18297916666666666