0 0.145140625 0.20604166666666668 0.29028125 0.41208333333333336
0 0.385703125 0.16904166666666667 0.260546875 0.33806250000000004
0 0.3843125 0.393375 0.20778124999999997 0.32529166666666665
0 0.5823750000000001 0.20350000000000001 0.20398437500000002 0.35054166666666664
0 0.061812500000000006 0.6890416666666667 0.123609375 0.16418750000000001
0 0.235015625 0.40856250000000005 0.10359375 0.14029166666666668
0 0.3311875 0.5633958333333333 0.1681875 0.09345833333333334
0 0.60546875 0.8005416666666666 0.21684375 0.39645833333333336
0 0.2499375 0.9331041666666666 0.12234375 0.13379166666666667
0 0.760140625 0.6904166666666666 0.09846875000000001 0.15770833333333334
0 0.983203125 0.519875 0.033578125 0.11754166666666667
0 0.7174375000000001 0.18087499999999998 0.065828125 0.1108125
0 0.8637812500000001 0.30441666666666667 0.10300000000000001 0.23754166666666665
0 0.7207343749999999 0.43772916666666667 0.097421875 0.11527083333333334
0 0.6228125 0.4509375 0.095625 0.08147916666666667
0 0.76725 0.5455625000000001 0.087703125 0.09947916666666666
0 0.82575 0.5520625 0.043625000000000004 0.09391666666666666
0 0.783921875 0.44075000000000003 0.05671875 0.07964583333333333
0 0.781484375 0.1318125 0.0661875 0.12379166666666667
0 0.54296875 0.42362500000000003 0.0640625 0.07316666666666666
0 0.2186875 0.5129375 0.07373437499999999 0.09441666666666666
0 0.713265625 0.05983333333333333 0.0325 0.1196875
0 0.678703125 0.5477083333333332 0.059796875000000006 0.09472916666666667
0 0.559046875 0.5359166666666667 0.051703125 0.11279166666666667
0 0.19371875 0.6161041666666667 0.079234375 0.08566666666666665