0 0.714828125 0.7899166666666667 0.24148437500000003 0.37727083333333333
0 0.43648437500000004 0.44933333333333336 0.1539375 0.266625
0 0.542859375 0.2734375 0.174390625 0.17764583333333334
0 0.24815625 0.6347083333333334 0.120828125 0.21106250000000001
0 0.513046875 0.7276458333333333 0.08015625 0.1020625
0 0.222796875 0.746375 0.077328125 0.11070833333333334
0 0.20140625 0.8477916666666666 0.09525 0.10520833333333333
0 0.813625 0.5680625 0.0871875 0.10345833333333333
0 0.859046875 0.6424166666666667 0.04921875 0.07264583333333333
0 0.72840625 0.4564583333333333 0.12057812500000001 0.19349999999999998
0 0.9085625 0.38995833333333335 0.088265625 0.13739583333333333
0 0.869265625 0.5347500000000001 0.069640625 0.08808333333333333
0 0.9670624999999999 0.5123125 0.065859375 0.12014583333333334
0 0.022953124999999998 0.59275 0.045906249999999996 0.10791666666666666
0 0.160296875 0.393125 0.06771875000000001 0.07408333333333333
0 0.06896875 0.42420833333333335 0.06687499999999999 0.111875
0 0.2691875 0.17379166666666668 0.08837500000000001 0.13862500000000003
0 0.8162499999999999 0.20983333333333334 0.12481249999999999 0.19466666666666665
0 0.93825 0.19991666666666666 0.119171875 0.0915
0 0.75809375 0.29716666666666663 0.068421875 0.08408333333333333
0 0.551375 0.3612708333333333 0.06621875 0.06977083333333334
0 0.639953125 0.31685416666666666 0.037875 0.1523125
0 0.8554375000000001 0.09389583333333333 0.061234374999999994 0.12695833333333334
0 0.90928125 0.06427083333333333 0.0689375 0.12852083333333333
0 0.9674531249999999 0.06039583333333333 0.047390625 0.07535416666666667
0 0.973671875 0.28529166666666667 0.052640624999999996 0.1436875
0 0.67865625 0.08604166666666666 0.0710625 0.13943750000000002
0 0.054203125 0.10510416666666668 0.10840625 0.1365625
0 0.1821875 0.0458125 0.056796875000000004 0.0564375
0 0.258140625 0.05991666666666667 0.0568125 0.07952083333333333
0 0.301875 0.0555625 0.06739062500000001 0.11114583333333333
0 0.20790625000000001 0.3474791666666667 0.067859375 0.08852083333333334
0 0.220640625 0.43527083333333333 0.03934375 0.08462499999999999
0 0.186140625 0.2715416666666667 0.035265625 0.05845833333333333
0 0.24539062500000003 0.27458333333333335 0.050562499999999996 0.08056250000000001
0 0.5375625 0.046625 0.059984375 0.09327083333333334
0 0.0916875 0.3468333333333333 0.0526875 0.06160416666666667
0 0.1305 0.31527083333333333 0.049578125 0.06579166666666666
0 0.083625 0.2938125 0.051968749999999994 0.06772916666666666
0 0.74246875 0.14625000000000002 0.039734375 0.10916666666666666
0 0.6148281250000001 0.1568125 0.068125 0.09824999999999999
0 0.6557031249999999 0.228125 0.061671875 0.04535416666666667
0 0.32459375 0.2982916666666667 0.033984375 0.06389583333333333
0 0.35139062499999996 0.26816666666666666 0.035671875 0.06775