0 0.05807291666666667 0.3098425925925926 0.11614583333333334 0.39512962962962966
0 0.08682291666666667 0.8810185185185185 0.16541145833333332 0.23796296296296296
0 0.1680625 0.8172314814814815 0.07584895833333333 0.17058333333333334
0 0.5379583333333334 0.9666666666666667 0.088671875 0.06666666666666667
0 0.4100989583333333 0.9712962962962963 0.06833854166666667 0.05740740740740741
0 0.530796875 0.7917685185185185 0.12642708333333333 0.22150925925925924
0 0.652921875 0.8297407407407408 0.06447395833333333 0.1307685185185185
0 0.5775416666666667 0.545537037037037 0.23866666666666667 0.34013888888888894
0 0.866703125 0.6911203703703703 0.079609375 0.1637222222222222
0 0.9526041666666667 0.33498148148148144 0.09479166666666666 0.15051851851851852
0 0.28771354166666663 0.5310185185185186 0.041046875000000003 0.06388888888888888
0 0.8031666666666666 0.8477962962962963 0.08168229166666667 0.10206481481481482