0 0.42299218749999995 0.9493055555555555 0.0920390625 0.10138888888888889
0 0.21089843749999998 0.95625 0.08653125 0.0875
0 0.0566171875 0.9840277777777777 0.0904140625 0.03194444444444444
0 0.0704453125 0.5869305555555555 0.1408828125 0.483125
0 0.1645546875 0.4455555555555556 0.20006249999999998 0.36241666666666666
0 0.1408515625 0.7511111111111111 0.065171875 0.23018055555555555
0 0.5403046875 0.28983333333333333 0.1516875 0.3333611111111111
0 0.400984375 0.16933333333333334 0.07488281249999999 0.1437361111111111
0 0.22795312499999998 0.21419444444444444 0.07065625 0.10338888888888889
0 0.0385390625 0.22854166666666667 0.0770859375 0.08579166666666667
0 0.2778125 0.033791666666666664 0.04209375 0.06759722222222223
0 0.275734375 0.16236111111111112 0.0453984375 0.09230555555555554
0 0.5852109375000001 0.15888888888888889 0.0709453125 0.09924999999999999
0 0.7544765625000001 0.2336111111111111 0.08011718749999999 0.19779166666666667
0 0.8415781250000001 0.27225 0.11684375 0.27968055555555554
0 0.66671875 0.08819444444444445 0.0724921875 0.1763888888888889
0 0.7228359375 0.07198611111111111 0.041828125 0.14398611111111112
0 0.8112421875000001 0.5106111111111111 0.0811640625 0.1915972222222222
0 0.7225703125 0.6223888888888889 0.0461796875 0.17902777777777779
0 0.7473124999999999 0.6768194444444444 0.0449609375 0.1334027777777778
0 0.7971796875 0.789 0.088453125 0.23447222222222222
0 0.958234375 0.8473194444444445 0.07103125 0.14741666666666667
0 0.8835000000000001 0.6064305555555556 0.059039062499999996 0.13322222222222221
0 0.6350859375 0.5455694444444444 0.055874999999999994 0.11798611111111111
0 0.5103515625 0.7341527777777779 0.081375 0.24051388888888886
0 0.6042265625 0.6834861111111111 0.0733203125 0.11605555555555556
0 0.347609375 0.4587777777777778 0.0891640625 0.21755555555555553
0 0.479109375 0.5934722222222223 0.07095312499999999 0.12583333333333332
0 0.45423437499999997 0.5208055555555556 0.0503828125 0.10087499999999999
0 0.510609375 0.5372638888888889 0.0548125 0.08379166666666667
0 0.519984375 0.494 0.046484375 0.10088888888888889
0 0.9610703125000001 0.47429166666666667 0.0778671875 0.179125
0 0.9463828124999999 0.27758333333333335 0.0869140625 0.22090277777777778
0 0.9688828125000001 0.09281944444444444 0.062242187500000004 0.18565277777777775
0 0.9238593749999999 0.03031944444444444 0.037296875 0.06065277777777778
0 0.132515625 0.022222222222222223 0.053570312499999995 0.044444444444444446
0 0.906671875 0.7295416666666666 0.055007812499999996 0.12019444444444445
0 0.6159375 0.8767222222222222 0.059484375 0.11825
0 0.6883359375 0.8961527777777778 0.0561484375 0.10156944444444443
0 0.7424921875 0.8605555555555556 0.052171875 0.10852777777777778
0 0.688984375 0.7714305555555555 0.047031250000000004 0.1067361111111111
0 0.2452734375 0.8813333333333333 0.0594609375 0.1460138888888889
0 0.205171875 0.7126527777777778 0.045914062500000005 0.09104166666666666
0 0.24865624999999997 0.6342361111111111 0.0578984375 0.163
0 0.38992187500000003 0.7094027777777777 0.05921875 0.11234722222222222
0 0.31570312500000003 0.6152222222222222 0.0357734375 0.10452777777777779
0 0.340703125 0.6399861111111111 0.037859375 0.06609722222222222
0 0.4176484375 0.8517222222222223 0.04803125 0.08679166666666667
0 0.69640625 0.5518194444444444 0.034796875 0.11659722222222223
0 0.748484375 0.49743055555555554 0.0348046875 0.11431944444444445
0 0.8741171874999999 0.11699999999999999 0.0784453125 0.09419444444444444
0 0.9799453124999999 0.38173611111111116 0.0401015625 0.10513888888888889