0 0.6361302083333332 0.3817037037037037 0.19961458333333332 0.3087777777777778
0 0.8967864583333333 0.6306574074074074 0.20642708333333332 0.584462962962963
0 0.9415677083333333 0.12831481481481483 0.116859375 0.25662962962962965
0 0.7572083333333333 0.17620370370370372 0.07725 0.323712962962963
0 0.5923802083333333 0.08343518518518518 0.07878645833333334 0.16131481481481483
0 0.4681666666666667 0.06620370370370371 0.052994791666666666 0.13240740740740742
0 0.5134791666666667 0.05038888888888889 0.054296875 0.09460185185185185
0 0.3559427083333333 0.1275462962962963 0.11416145833333333 0.2550925925925926
0 0.03750520833333334 0.11272222222222222 0.07501041666666668 0.21555555555555556
0 0.19775520833333332 0.1414351851851852 0.16230729166666666 0.2828703703703704
0 0.351515625 0.48629629629629634 0.12821875 0.29575
0 0.25047395833333336 0.4305648148148148 0.07594791666666666 0.05928703703703704
0 0.44564583333333335 0.5742592592592592 0.0831875 0.1753611111111111
0 0.24618229166666666 0.9701388888888889 0.05503125 0.059722222222222225
0 0.6656822916666666 0.5409351851851852 0.18998437499999998 0.16427777777777777
0 0.6505781249999999 0.8269537037037037 0.09519791666666667 0.18075925925925926
0 0.8691822916666666 0.9458333333333333 0.14496874999999998 0.10833333333333334
0 0.7066874999999999 0.21512037037037038 0.050875000000000004 0.10523148148148148
0 0.7474427083333333 0.32761111111111113 0.04730208333333333 0.1049537037037037
0 0.9229479166666666 0.2718055555555556 0.050458333333333334 0.1399166666666667
0 0.7832447916666666 0.748287037037037 0.03558854166666667 0.11600925925925927
0 0.10244270833333333 0.23925 0.08208854166666667 0.3464907407407407