0 0.1697578125 0.8902777777777777 0.1583984375 0.21944444444444444
0 0.0898203125 0.8659722222222223 0.088078125 0.26805555555555555
0 0.1115546875 0.8524305555555556 0.0142578125 0.00025
0 0.19696875 0.764986111111111 0.11699999999999999 0.10984722222222222
0 0.21662499999999998 0.69275 0.0707421875 0.07902777777777778
0 0.2407109375 0.5039444444444444 0.032984374999999996 0.076375
0 0.32390625 0.5196527777777777 0.056140625 0.10319444444444444
0 0.321828125 0.36554166666666665 0.0521796875 0.082
0 0.349171875 0.42870833333333336 0.065203125 0.07409722222222223
0 0.4129609375 0.6080555555555556 0.0425859375 0.11516666666666667
0 0.6819531249999999 0.3595 0.0871328125 0.19030555555555556
0 0.5921171875 0.3072361111111111 0.0300625 0.03945833333333333
0 0.7599453125 0.2007638888888889 0.06396874999999999 0.10431944444444444
0 0.952109375 0.2334027777777778 0.0599453125 0.09087500000000001
0 0.88596875 0.45786111111111116 0.094328125 0.12313888888888888
0 0.9044531250000001 0.5832777777777778 0.0636015625 0.1610138888888889
0 0.9498984374999999 0.5775 0.05645312500000001 0.09852777777777777
0 0.9682265624999999 0.9238472222222222 0.0635390625 0.15231944444444445
0 0.768265625 0.7531805555555555 0.07768749999999999 0.08254166666666667
0 0.5094375 0.9546250000000001 0.057937499999999996 0.09075000000000001
0 0.4371796875 0.9539305555555556 0.0587265625 0.092125