0 0.22303125000000001 0.345625 0.124078125 0.12552083333333333
0 0.0375 0.4530208333333333 0.075 0.08102083333333333
0 0.588359375 0.2704166666666667 0.132984375 0.16489583333333335
0 0.758578125 0.4076458333333333 0.15367187499999999 0.13843750000000002
0 0.360859375 0.47731250000000003 0.119234375 0.10645833333333334
0 0.618125 0.9585625 0.193890625 0.082875
0 0.727671875 0.8028958333333333 0.11089062499999999 0.095625
0 0.8356562500000001 0.8212291666666667 0.08842187500000001 0.18904166666666666
0 0.922265625 0.4261041666666667 0.080578125 0.07929166666666668
0 0.528140625 0.7646666666666667 0.08778125 0.16602083333333334
0 0.44914062499999996 0.6631874999999999 0.0935 0.07406249999999999
0 0.293015625 0.5779791666666667 0.05128125 0.10314583333333333
0 0.07228124999999999 0.3885625 0.057796875000000004 0.059291666666666666
0 0.1190625 0.4198125 0.047953125 0.06808333333333333
0 0.38 0.343625 0.067625 0.07458333333333332
0 0.440921875 0.35341666666666666 0.03646875 0.065125
0 0.490609375 0.4575625 0.036921875 0.0484375
0 0.578140625 0.4847708333333333 0.054656249999999997 0.167125
0 0.4609375 0.2516875 0.039875 0.056416666666666664
0 0.35553124999999997 0.5952083333333333 0.063578125 0.08895833333333333
0 0.7889999999999999 0.255 0.042859375 0.05220833333333333
0 0.025875 0.800625 0.05175 0.09522916666666667
0 0.023640625000000002 0.6968333333333334 0.047265625 0.09206249999999999
0 0.79784375 0.9042708333333334 0.057671875 0.10970833333333332
0 0.436546875 0.4652291666666667 0.042203125 0.08345833333333334
0 0.905484375 0.5298541666666667 0.10320312499999999 0.13960416666666667
0 0.7087656250000001 0.548 0.05275 0.051395833333333335
0 0.706640625 0.5011875 0.06442187499999999 0.060520833333333336
0 0.493828125 0.313 0.060375 0.05425
0 0.55259375 0.568875 0.040703125 0.05416666666666667