0 0.580828125 0.3335208333333333 0.439734375 0.6013125
0 0.1570625 0.5761458333333334 0.131015625 0.13564583333333333
0 0.19854687499999998 0.23552083333333332 0.07234375 0.18727083333333333
0 0.023609375 0.20310416666666667 0.04721875 0.0854375
0 0.025343749999999998 0.4756666666666666 0.050687499999999996 0.17264583333333333
0 0.1048125 0.4483958333333333 0.051500000000000004 0.0578125
0 0.44575 0.6506875 0.13348437500000002 0.2551041666666667
0 0.97065625 0.3826458333333333 0.058687500000000004 0.18104166666666668
0 0.887328125 0.7189791666666667 0.22534375 0.5620416666666667
0 0.653375 0.6488125 0.06546874999999999 0.07368749999999999
0 0.259140625 0.8362499999999999 0.09353125 0.13395833333333332
0 0.8422499999999999 0.022229166666666668 0.07660937500000001 0.0444375
0 0.8823437500000001 0.18527083333333336 0.076265625 0.0686875