0 0.31571875 0.8769166666666667 0.26492187500000003 0.2461875
0 0.169625 0.251625 0.114390625 0.24745833333333334
0 0.62284375 0.4209375 0.1480625 0.2161875
0 0.680265625 0.6025416666666668 0.08790624999999999 0.13591666666666666
0 0.52440625 0.46349999999999997 0.061312500000000006 0.09104166666666667
0 0.67453125 0.19916666666666666 0.068125 0.067625
0 0.729078125 0.4395625 0.08140625 0.11810416666666666
0 0.93453125 0.529625 0.061140625000000004 0.10114583333333332
0 0.7613749999999999 0.5544583333333333 0.048093750000000005 0.10360416666666666
0 0.750828125 0.31875 0.066578125 0.06804166666666665
0 0.752515625 0.17589583333333333 0.044953125 0.059437500000000004
0 0.9694218749999999 0.7076666666666667 0.0503125 0.0813125
0 0.64159375 0.7651041666666667 0.0793125 0.14410416666666667
0 0.438484375 0.6958749999999999 0.058453124999999995 0.099375
0 0.247359375 0.6633958333333333 0.22195312500000003 0.2809375
0 0.040734375 0.7423749999999999 0.0753125 0.1090625
0 0.178078125 0.4292916666666667 0.077 0.09397916666666667
0 0.172484375 0.5357083333333333 0.042375 0.09941666666666667
0 0.20465624999999998 0.5042708333333333 0.078203125 0.09116666666666666
0 0.46699999999999997 0.6132500000000001 0.05090625 0.07304166666666667
0 0.561515625 0.7087083333333334 0.06498437500000001 0.07645833333333334
0 0.079921875 0.5320416666666666 0.06203125 0.063375
0 0.19096875 0.8344583333333334 0.074140625 0.08835416666666666
0 0.0125 0.907 0.025 0.07372916666666667
0 0.8190468750000001 0.7379583333333334 0.044703124999999996 0.06204166666666667
0 0.8926093749999999 0.7792916666666667 0.077265625 0.07058333333333335
0 0.604609375 0.975875 0.0386875 0.04827083333333334
0 0.8670937500000001 0.9168958333333334 0.048765625 0.06227083333333334
0 0.34475 0.6588541666666666 0.0896875 0.11008333333333334
0 0.64303125 0.27908333333333335 0.04259375 0.0609375