0 0.3101875 0.8254583333333334 0.26228125 0.34908333333333336
0 0.040109375 0.9168958333333334 0.080203125 0.16620833333333335
0 0.078296875 0.5723958333333333 0.15659375 0.2642291666666667
0 0.351328125 0.5068958333333333 0.25290625 0.35081249999999997
0 0.31278125 0.21416666666666667 0.239703125 0.25147916666666664
0 0.12632812499999999 0.1493958333333333 0.077890625 0.10341666666666667
0 0.13396875 0.021062499999999998 0.090390625 0.042124999999999996
0 0.49192187499999995 0.0730625 0.048078125 0.07702083333333333
0 0.63115625 0.07083333333333333 0.08451562500000001 0.14166666666666666
0 0.910296875 0.12720833333333334 0.107171875 0.07058333333333335
0 0.512765625 0.6427291666666667 0.173078125 0.386375
0 0.6538906250000001 0.8012708333333334 0.09181249999999999 0.14329166666666668
0 0.72803125 0.9111041666666666 0.14534375 0.17777083333333332
0 0.71534375 0.47775 0.083890625 0.17218750000000002
0 0.5151875 0.44283333333333336 0.077953125 0.0976875
0 0.94721875 0.47983333333333333 0.1055625 0.19022916666666667
0 0.9741250000000001 0.7253541666666667 0.051734375 0.21368749999999997
0 0.8616875 0.4196875 0.11503125 0.14397916666666666
0 0.22771875000000003 0.08968749999999999 0.111234375 0.12289583333333334
0 0.10410937499999999 0.8975416666666667 0.066765625 0.11360416666666667
0 0.549390625 0.7466666666666666 0.098078125 0.12666666666666665
0 0.88790625 0.6145208333333334 0.059828124999999996 0.13554166666666667
0 0.79625 0.6365208333333333 0.06792187499999999 0.0915625
0 0.58790625 0.401375 0.041203125 0.07377083333333333