0 0.03203125 0.07198611111111111 0.0640625 0.14398611111111112
0 0.0926796875 0.20584722222222224 0.0938046875 0.17929166666666668
0 0.1713203125 0.4844583333333333 0.1240234375 0.19948611111111111
0 0.07328124999999999 0.8220972222222221 0.10916406249999999 0.15715277777777778
0 0.3737734375 0.8295 0.08109374999999999 0.15344444444444444
0 0.4994140625 0.7894722222222221 0.072 0.13356944444444444
0 0.6035781250000001 0.8246388888888889 0.0616015625 0.1483611111111111
0 0.5750625 0.6647361111111111 0.07956250000000001 0.1757638888888889
0 0.4341875 0.6168333333333333 0.1061015625 0.20495833333333333
0 0.23407031250000002 0.4585972222222222 0.0662265625 0.1300277777777778
0 0.2875859375 0.3280416666666667 0.1024296875 0.1458888888888889
0 0.31727343750000003 0.2551805555555555 0.053484374999999994 0.06001388888888889
0 0.3811953125 0.2452361111111111 0.06885156249999999 0.08454166666666667
0 0.24514062499999997 0.052472222222222226 0.036625000000000005 0.09506944444444444
0 0.07535937499999999 0.3030555555555555 0.0633359375 0.07741666666666668
0 0.963953125 0.11791666666666667 0.05500000000000001 0.13306944444444443
0 0.7447109375000001 0.23918055555555556 0.071 0.09781944444444446
0 0.5130859375 0.143875 0.047265625 0.07429166666666667
0 0.523765625 0.052319444444444446 0.083203125 0.104625
0 0.9593984375 0.40602777777777777 0.0536953125 0.14908333333333335
0 0.8530312500000001 0.13181944444444443 0.052265625 0.06826388888888889