0 0.311546875 0.1476851851851852 0.17951041666666667 0.20777777777777778
0 0.29421875 0.5807222222222221 0.11135416666666667 0.2253425925925926
0 0.056854166666666664 0.6758425925925926 0.113703125 0.19798148148148148
0 0.437015625 0.6356018518518519 0.07155729166666666 0.12675925925925927
0 0.4971875 0.6136018518518519 0.06784895833333333 0.13368518518518518
0 0.8979166666666667 0.5878611111111111 0.20416666666666666 0.5034907407407407
0 0.5093177083333333 0.10902777777777778 0.20844791666666668 0.21805555555555556
0 0.6189427083333333 0.2670092592592593 0.19232291666666665 0.2724537037037037
0 0.7519947916666666 0.04884259259259259 0.06857291666666666 0.09768518518518518
0 0.8586614583333334 0.26746296296296296 0.13852604166666668 0.20674074074074075
0 0.7155416666666666 0.20426851851851854 0.05816145833333333 0.08775
0 0.9727864583333333 0.285462962962963 0.054427083333333334 0.1348148148148148
0 0.7561614583333333 0.8677777777777779 0.11856770833333334 0.21612037037037038
0 0.7798541666666666 0.7401851851851852 0.11134375 0.14752777777777779
0 0.5844947916666666 0.6622037037037036 0.03916666666666667 0.07159259259259258
0 0.7090677083333333 0.7349351851851852 0.03913020833333333 0.08589814814814814
0 0.5706197916666667 0.5879444444444445 0.027817708333333333 0.06974074074074073
0 0.31827083333333334 0.9414259259259259 0.041791666666666664 0.11714814814814814
0 0.5935677083333334 0.7901203703703704 0.0334375 0.08667592592592592
0 0.8315729166666667 0.8260277777777778 0.06775520833333333 0.10648148148148148