0 0.0972421875 0.11829166666666667 0.175828125 0.23656944444444447
0 0.0567734375 0.19758333333333333 0.11353906250000001 0.226125
0 0.0248671875 0.3574722222222222 0.0497421875 0.10543055555555556
0 0.329625 0.357875 0.348828125 0.7157361111111111
0 0.278203125 0.23830555555555558 0.1183828125 0.16320833333333334
0 0.228859375 0.034958333333333334 0.09000781249999999 0.06990277777777777
0 0.7099453125 0.13045833333333334 0.0702109375 0.1103888888888889
0 0.699265625 0.033791666666666664 0.05946875 0.06759722222222223
0 0.7906718749999999 0.17629166666666668 0.096265625 0.19465277777777779
0 0.55878125 0.27534722222222224 0.0675625 0.31133333333333335
0 0.5921171875 0.19640277777777776 0.0428515625 0.07570833333333334
0 0.6061796875 0.12073611111111113 0.0668125 0.12055555555555555
0 0.66815625 0.2827361111111111 0.0886953125 0.2224861111111111
0 0.681046875 0.5257083333333333 0.0915625 0.13469444444444445
0 0.8512109375 0.7496388888888889 0.12361718749999999 0.36870833333333336
0 0.9545546874999999 0.5191805555555555 0.0908828125 0.14855555555555555
0 0.40619531249999996 0.9423611111111111 0.0709453125 0.11527777777777778
0 0.13225 0.6759027777777777 0.1103359375 0.22781944444444444
0 0.4938203125 0.9287777777777778 0.06496874999999999 0.12515277777777778
0 0.61190625 0.44425000000000003 0.038390625 0.09391666666666668
0 0.8686562500000001 0.3826527777777778 0.08351562500000001 0.16252777777777777
0 0.8177421875 0.4710555555555556 0.0516328125 0.144875
0 0.8316796875 0.34681944444444446 0.0508515625 0.06191666666666666
0 0.9734609375 0.131375 0.050570312500000006 0.09002777777777776
0 0.9613515625 0.04043055555555555 0.049789062499999995 0.06358333333333334
0 0.7079921875 0.7103333333333334 0.027437499999999997 0.13269444444444445
0 0.7480859375 0.75175 0.045140625000000004 0.10906944444444444
0 0.963671875 0.7589305555555554 0.07265625 0.14655555555555555
0 0.98515625 0.9678194444444445 0.0296875 0.06434722222222222
0 0.6423671875 0.630736111111111 0.04203125 0.06609722222222222
0 0.3806796875 0.8204722222222223 0.059484375 0.14929166666666666
0 0.3946015625 0.8945277777777777 0.043890625 0.1307361111111111
0 0.511390625 0.41968055555555556 0.0376328125 0.08844444444444445