0 0.2888125 0.5356041666666667 0.122078125 0.18602083333333336
0 0.051390625 0.9354166666666667 0.10278125 0.12916666666666668
0 0.149953125 0.9516249999999999 0.11399999999999999 0.09674999999999999
0 0.623515625 0.9585625 0.124796875 0.082875
0 0.8731406249999999 0.8767083333333333 0.15878125 0.21081249999999999
0 0.68809375 0.5256666666666666 0.101171875 0.1615
0 0.79 0.44952083333333337 0.108203125 0.21756250000000002
0 0.9541718749999999 0.566625 0.091671875 0.1276875
0 0.8764375 0.6223958333333334 0.071640625 0.08647916666666666
0 0.83321875 0.5987916666666667 0.04421875 0.06704166666666667
0 0.965453125 0.37895833333333334 0.06909375 0.09958333333333333
0 0.5528593749999999 0.6617291666666667 0.091125 0.11883333333333333
0 0.43028125 0.9060208333333333 0.1204375 0.18285416666666665
0 0.332515625 0.7449583333333333 0.204765625 0.12741666666666665
0 0.26596875 0.8782916666666666 0.14078125 0.192
0 0.760328125 0.7958125 0.053984374999999994 0.05622916666666666
0 0.898078125 0.7491249999999999 0.0846875 0.0774375