0 0.197171875 0.28877083333333337 0.20010937499999998 0.27525
0 0.25775000000000003 0.8551875 0.16575 0.22795833333333335
0 0.453921875 0.8507916666666666 0.11370312499999999 0.19602083333333334
0 0.80821875 0.8223333333333334 0.11920312500000001 0.153
0 0.682546875 0.3921458333333333 0.11825000000000001 0.15835416666666668
0 0.733578125 0.42110416666666667 0.106453125 0.14018750000000002
0 0.660828125 0.13370833333333335 0.13346875 0.16870833333333335
0 0.455984375 0.034958333333333334 0.065453125 0.06991666666666667
0 0.53759375 0.037270833333333336 0.106078125 0.07454166666666667
0 0.67803125 0.03716666666666667 0.078671875 0.050270833333333334
0 0.37040625 0.16720833333333335 0.08278125 0.11591666666666667
0 0.46015625 0.32783333333333337 0.037671875 0.05358333333333333
0 0.46953125 0.2831666666666666 0.061625 0.046875
0 0.46415625 0.199625 0.048078125 0.06960416666666666
0 0.532734375 0.3740833333333333 0.1296875 0.16854166666666667
0 0.074078125 0.8852708333333333 0.13725 0.2233125
0 0.158453125 0.9284791666666667 0.0865625 0.1430625
0 0.3271875 0.5381874999999999 0.07032812499999999 0.0819375
0 0.3263125 0.43795833333333334 0.0806875 0.09260416666666667
0 0.23707812499999997 0.5714791666666666 0.06721875000000001 0.11427083333333334
0 0.40235937499999996 0.7492083333333334 0.10223437500000002 0.15489583333333332
0 0.672640625 0.7420833333333333 0.079015625 0.12327083333333334
0 0.69434375 0.6804791666666666 0.08075 0.09614583333333333
0 0.656140625 0.6112916666666667 0.065078125 0.08277083333333332
0 0.546609375 0.21352083333333333 0.046359375 0.05072916666666667