0 0.463296875 0.16110416666666666 0.37965625 0.3222291666666666
0 0.072390625 0.0444375 0.144796875 0.08889583333333334
0 0.24578125 0.06995833333333333 0.07698437500000001 0.1399375
0 0.15959375 0.036083333333333335 0.058921875 0.06739583333333334
0 0.13343750000000001 0.19572916666666668 0.09615625 0.16854166666666667
0 0.30359375 0.30108333333333337 0.046765625 0.0910625
0 0.07315625 0.32277083333333334 0.10682812500000001 0.172625
0 0.221046875 0.4560625 0.09521874999999999 0.16143749999999998
0 0.6911875000000001 0.10935416666666667 0.090203125 0.17783333333333334
0 0.7810312500000001 0.26747916666666666 0.16240625 0.247
0 0.27131249999999996 0.5786250000000001 0.107375 0.08647916666666666
0 0.46139062500000005 0.5905833333333333 0.09153125 0.14225000000000002
0 0.621671875 0.7210833333333333 0.09176562499999999 0.1810625
0 0.645765625 0.9030208333333333 0.09181249999999999 0.1939375
0 0.717234375 0.9446458333333333 0.07646875 0.10039583333333332
0 0.902109375 0.870875 0.08495312499999999 0.09522916666666667
0 0.816046875 0.6549583333333333 0.050859375 0.135625
0 0.8655312500000001 0.9585 0.045640625000000004 0.08297916666666666
0 0.9228125 0.9493333333333334 0.048109374999999996 0.07158333333333333
0 0.8554999999999999 0.7193541666666667 0.055125 0.08733333333333333
0 0.8254374999999999 0.8202291666666667 0.04496875 0.07552083333333333
0 0.8974375 0.8040625 0.04940625 0.04841666666666666
0 0.6816875 0.4482708333333333 0.07203125 0.079875
0 0.35659375 0.40872916666666664 0.094625 0.12420833333333332
0 0.599796875 0.48610416666666667 0.04571875 0.06527083333333333
0 0.3248125 0.35020833333333334 0.039734375 0.06777083333333334
0 0.37559375 0.5508333333333333 0.042328125 0.08014583333333333
0 0.36140625000000004 0.5015416666666667 0.037390625 0.06491666666666666
0 0.407890625 0.5051875 0.049328125 0.08260416666666666
0 0.40046875000000004 0.781125 0.0905 0.210875
0 0.11715625 0.7230000000000001 0.076109375 0.10504166666666667
0 0.015109375 0.7617083333333333 0.030203124999999997 0.08870833333333333
0 0.18615625 0.8746875000000001 0.035859375 0.10981250000000001
0 0.03203125 0.4871666666666667 0.0640625 0.0784375
0 0.014453125 0.33425 0.02890625 0.0775
0 0.15712500000000001 0.5208125 0.048093750000000005 0.051354166666666666
0 0.29175 0.8374166666666666 0.05171875 0.07935416666666667
0 0.40449999999999997 0.9099375 0.053265625000000004 0.044875
0 0.42195312500000004 0.9559166666666666 0.042046875 0.06393750000000001
0 0.48678125000000005 0.9828125 0.042578125 0.034375
0 0.56046875 0.8033750000000001 0.047515625 0.07479166666666666
0 0.348640625 0.6605416666666667 0.048328125 0.06154166666666667
0 0.04840625 0.6299791666666666 0.0780625 0.07177083333333334
0 0.20685937499999998 0.8439791666666667 0.02778125 0.10739583333333333
0 0.25046875 0.8011041666666666 0.03428125 0.04597916666666667
0 0.04984375 0.8901666666666667 0.051875000000000004 0.08493750000000001
0 0.13864062500000002 0.8346041666666667 0.047578125 0.0400625
0 0.26284375 0.6973333333333334 0.040796874999999996 0.0536875
0 0.5589062499999999 0.6650416666666668 0.03396875 0.051625000000000004
0 0.7419687500000001 0.6712916666666667 0.063453125 0.091875
0 0.890265625 0.6068958333333333 0.05865625 0.11239583333333333
0 0.9311406249999999 0.5015625 0.04146875 0.0600625
0 0.634171875 0.5713333333333334 0.054265625 0.052458333333333336
0 0.099046875 0.45089583333333333 0.04134375 0.050291666666666665
0 0.15321875000000001 0.7613541666666667 0.05865625 0.0810625
0 0.28484375 0.7410833333333334 0.032390625 0.05325
0 0.731546875 0.7500833333333333 0.051125 0.07585416666666665
0 0.850171875 0.43004166666666666 0.051375000000000004 0.06079166666666667
0 0.28718750000000004 0.5091875 0.04 0.10239583333333332
0 0.21349999999999997 0.5543125 0.0645 0.12875