0 0.577515625 0.11031250000000001 0.060953125 0.08120833333333333
0 0.8950156249999999 0.15125 0.0960625 0.107125
0 0.6851406250000001 0.3687708333333333 0.081796875 0.13477083333333334
0 0.14090625 0.196125 0.10404687500000001 0.15060416666666668
0 0.25010937499999997 0.44633333333333336 0.0838125 0.11289583333333333
0 0.2200625 0.7977916666666667 0.15125 0.22429166666666667
0 0.4848125 0.7721041666666667 0.12828124999999999 0.15347916666666667
0 0.567453125 0.6640416666666666 0.08803125 0.12162500000000001
0 0.57959375 0.5712499999999999 0.0845625 0.09991666666666667
0 0.34003125 0.44004166666666666 0.089078125 0.12916666666666668
0 0.393328125 0.3683125 0.05084375 0.12458333333333332
0 0.47231249999999997 0.3453958333333333 0.05503125 0.09266666666666666
0 0.403390625 0.473375 0.10709375000000002 0.06620833333333334
0 0.162453125 0.9550833333333333 0.11678124999999999 0.0898125
0 0.265203125 0.9597291666666667 0.07485937499999999 0.08056250000000001
0 0.38828125 0.9724583333333333 0.05365625 0.05508333333333334
0 0.075109375 0.898375 0.13565624999999998 0.20325000000000001
0 0.651046875 0.5012708333333333 0.049890625 0.078
0 0.714953125 0.49735416666666665 0.0489375 0.08329166666666667
0 0.8971718750000001 0.689375 0.06665625 0.08675000000000001