0 0.02421875 0.34035185185185185 0.0484375 0.14892592592592593
0 0.22652083333333334 0.4542037037037037 0.07611979166666667 0.14344444444444443
0 0.4471979166666667 0.720925925925926 0.211578125 0.47795370370370377
0 0.6471927083333333 0.887962962962963 0.14883854166666666 0.22407407407407406
0 0.21246354166666667 0.8676666666666667 0.13132291666666665 0.26219444444444445
0 0.2588125 0.9643518518518519 0.094875 0.0712962962962963
0 0.12588020833333333 0.7029166666666666 0.06646875000000001 0.19194444444444445
0 0.6379479166666666 0.11703703703703704 0.06577083333333333 0.12796296296296295
0 0.6594218749999999 0.043055555555555555 0.08916145833333333 0.08611111111111111
0 0.4964166666666667 0.04884259259259259 0.04439583333333333 0.09768518518518518
0 0.5706354166666666 0.2875833333333333 0.062375 0.08780555555555555
0 0.735203125 0.8960648148148148 0.07698437500000001 0.20787037037037037
0 0.735328125 0.7308981481481481 0.16023437499999998 0.3173518518518519
0 0.617109375 0.7033796296296296 0.08005208333333333 0.1836111111111111
0 0.5600833333333333 0.5788796296296297 0.08579166666666667 0.18461111111111111
0 0.345390625 0.32712962962962966 0.049317708333333335 0.06999074074074074
0 0.28796875 0.6971481481481481 0.04677604166666667 0.11095370370370371
0 0.818140625 0.6763518518518519 0.05955208333333333 0.10655555555555556
0 0.9217708333333333 0.26722222222222225 0.10604166666666666 0.14703703703703705
0 0.020963541666666665 0.6946018518518519 0.04192708333333333 0.10123148148148148
0 0.06950520833333333 0.599962962962963 0.051619791666666665 0.06473148148148147
0 0.415046875 0.39793518518518517 0.040505208333333334 0.07272222222222223
0 0.4456197916666667 0.45249074074074075 0.03444791666666667 0.07401851851851851
0 0.6371822916666667 0.2403703703703704 0.03790625 0.06925925925925926
0 0.5826718750000001 0.21705555555555556 0.03305729166666667 0.06620370370370371
0 0.6463020833333334 0.3283055555555556 0.028927083333333332 0.06006481481481482
0 0.7648645833333333 0.4699074074074074 0.038322916666666665 0.05648148148148148
0 0.7492395833333333 0.5785185185185184 0.03459375 0.06382407407407407
0 0.8151197916666667 0.5908611111111111 0.029197916666666667 0.051472222222222225