0 0.6323359375 0.210875 0.25373437499999996 0.42176388888888894
0 0.447328125 0.5558194444444444 0.18840625 0.3429861111111111
0 0.32820312500000004 0.8462222222222222 0.10379687500000001 0.23902777777777778
0 0.5604843749999999 0.9504583333333334 0.13996875 0.09906944444444445
0 0.338359375 0.69275 0.045984375 0.06051388888888889
0 0.6285703125000001 0.4937361111111111 0.0949375 0.10691666666666667
0 0.7663203125 0.3852083333333334 0.032984374999999996 0.07968055555555555
0 0.460875 0.06890277777777777 0.044914062500000004 0.09461111111111112
0 0.52753125 0.03843055555555556 0.0571484375 0.07684722222222222
0 0.407234375 0.34518055555555555 0.0584453125 0.07830555555555556
0 0.4478515625 0.3007638888888889 0.043625000000000004 0.06605555555555556
0 0.476625 0.25633333333333336 0.046484375 0.08084722222222222
0 0.0464609375 0.22418055555555555 0.0638515625 0.09425
0 0.9358359374999999 0.1374027777777778 0.0637421875 0.14279166666666668
0 0.060390624999999996 0.5023194444444444 0.05421875 0.04720833333333334