0 0.0359375 0.17675 0.071875 0.22149074074074074
0 0.3110208333333333 0.30118518518518517 0.12847395833333333 0.24032407407407408
0 0.39721354166666667 0.31461111111111106 0.075890625 0.18385185185185185
0 0.6046197916666666 0.5446203703703704 0.11159895833333335 0.24573148148148147
0 0.05546875 0.5798055555555556 0.1109375 0.2049814814814815
0 0.026171875 0.4534722222222222 0.05234375 0.07269444444444445
0 0.5361354166666668 0.7913055555555556 0.16002083333333333 0.24835185185185188
0 0.7780416666666666 0.8982314814814815 0.09808333333333333 0.1751574074074074
0 0.9196875 0.5395462962962964 0.09145833333333334 0.17075925925925925
0 0.8364999999999999 0.07858333333333334 0.07752083333333333 0.13772222222222222
0 0.691328125 0.16628703703703704 0.06838541666666667 0.11405555555555556
0 0.912015625 0.07893518518518519 0.08274479166666666 0.15787037037037038
0 0.9467760416666666 0.26672222222222225 0.052281249999999994 0.10196296296296296
0 0.8901354166666666 0.2729722222222222 0.061000000000000006 0.11908333333333335
0 0.9838541666666667 0.3692407407407407 0.03229166666666667 0.10791666666666666
0 0.9420885416666667 0.9157407407407407 0.10331770833333334 0.1685185185185185
0 0.8595364583333333 0.7887685185185185 0.10761458333333333 0.1830925925925926
0 0.7710052083333333 0.7390277777777777 0.07013020833333333 0.11601851851851852
0 0.829859375 0.6082870370370371 0.09340625 0.0813888888888889
0 0.7171093749999999 0.6721851851851852 0.063703125 0.08712037037037038
0 0.7119010416666666 0.5779722222222222 0.063703125 0.07168518518518519
0 0.6516197916666666 0.9516203703703704 0.082703125 0.09675925925925925
0 0.39122395833333334 0.9377314814814814 0.061828125 0.12453703703703704
0 0.13265104166666666 0.9701388888888889 0.07376041666666668 0.059722222222222225
0 0.2770364583333333 0.5735648148148148 0.058421875 0.13232407407407407
0 0.30528645833333334 0.9105 0.05796875 0.15802777777777777
0 0.3511197916666667 0.8739444444444444 0.05869270833333333 0.09418518518518518
0 0.48456770833333335 0.6723888888888888 0.059765625 0.07533333333333334
0 0.9723958333333333 0.6337685185185186 0.05520833333333333 0.062101851851851846
0 0.9858072916666667 0.737212962962963 0.028385416666666666 0.12835185185185186
0 0.27794791666666663 0.4391203703703704 0.05399479166666667 0.09028703703703704
0 0.37755208333333334 0.6242592592592593 0.034484375 0.0716574074074074
0 0.454109375 0.4328796296296296 0.037619791666666666 0.07316666666666666
0 0.09782291666666666 0.2375648148148148 0.044286458333333334 0.07946296296296296
0 0.0901875 0.7089444444444444 0.09428125000000001 0.1333240740740741
0 0.12785416666666666 0.7868518518518518 0.036307291666666665 0.13789814814814816
0 0.01875 0.7572407407407408 0.0375 0.10336111111111111
0 0.07299479166666667 0.8604444444444445 0.03491145833333333 0.08448148148148148
0 0.19546875 0.7685092592592593 0.045171875 0.06108333333333333
0 0.27480208333333334 0.8271296296296295 0.03363020833333333 0.06722222222222221
0 0.105546875 0.32458333333333333 0.05834895833333333 0.05595370370370371
0 0.19998437500000002 0.3202777777777778 0.029203125 0.06375925925925927
0 0.4849375 0.5649351851851852 0.049390625 0.0860462962962963
0 0.7009843750000001 0.4865833333333333 0.041088541666666666 0.058305555555555555
0 0.6577552083333333 0.5254166666666668 0.04953645833333333 0.26625925925925925
0 0.7980208333333334 0.3832407407407407 0.03840104166666667 0.0768888888888889
0 0.43086458333333333 0.634824074074074 0.043671875 0.07458333333333333
0 0.43411979166666664 0.7660185185185184 0.04490104166666666 0.06462962962962962
0 0.5096354166666667 0.37854629629629627 0.03947916666666666 0.04894444444444444
0 0.48703125 0.3380092592592593 0.0340625 0.05304629629629629
0 0.663375 0.3722592592592593 0.048666666666666664 0.04376851851851852
0 0.6258750000000001 0.2737685185185185 0.03199479166666667 0.05419444444444445