0 0.14031770833333335 0.12523148148148147 0.2775104166666667 0.25046296296296294
0 0.36739062499999997 0.06851851851851852 0.09623958333333334 0.13703703703703704
0 0.41674479166666667 0.4305462962962963 0.114953125 0.22589814814814815
0 0.18304166666666666 0.7572685185185185 0.15788020833333333 0.37935185185185183
0 0.54303125 0.47105555555555556 0.086328125 0.12637037037037036
0 0.6218020833333333 0.27064814814814814 0.087640625 0.16074074074074074
0 0.48691666666666666 0.5124722222222222 0.05533333333333333 0.15827777777777777
0 0.7336458333333333 0.5057314814814815 0.111359375 0.3346111111111111
0 0.5901614583333333 0.5733703703703704 0.054796874999999995 0.10418518518518519
0 0.9273697916666667 0.45994444444444443 0.07817708333333333 0.12266666666666666
0 0.8797135416666666 0.6915833333333333 0.1755729166666667 0.17389814814814816
0 0.77178125 0.8844907407407407 0.10815104166666667 0.2310185185185185
0 0.5737604166666667 0.962037037037037 0.11861979166666667 0.07592592592592592
0 0.43835416666666666 0.6436851851851851 0.05610416666666666 0.1475462962962963
0 0.35202083333333334 0.6667962962962963 0.17488020833333331 0.34191666666666665
0 0.255171875 0.9064814814814814 0.18548958333333332 0.18703703703703703
0 0.021614583333333333 0.9597222222222223 0.043229166666666666 0.08055555555555556
0 0.47702083333333334 0.8269537037037037 0.07511979166666666 0.18075925925925926
0 0.8702135416666666 0.9614166666666666 0.055010416666666666 0.07469444444444445
0 0.051921875 0.6592314814814815 0.046031249999999996 0.11302777777777777