0 0.5603125 0.9273125 0.1373125 0.145375
0 0.5790625 0.781375 0.152578125 0.16829166666666667
0 0.953296875 0.5761041666666666 0.09340625 0.14204166666666668
0 0.528046875 0.44629166666666664 0.100859375 0.10925
0 0.5617656249999999 0.5324375 0.094296875 0.1144375
0 0.874234375 0.18666666666666665 0.067140625 0.13799999999999998
0 0.446375 0.5831666666666667 0.07621875 0.0988125
0 0.463078125 0.5171666666666667 0.09135937499999999 0.10339583333333334
0 0.6166406249999999 0.295875 0.05771875 0.10645833333333334
0 0.08853124999999999 0.67325 0.07470312500000001 0.1163125
0 0.11878124999999999 0.8995625 0.10203124999999999 0.13958333333333334
0 0.955015625 0.4890625 0.089984375 0.080375
0 0.40465625000000005 0.33210416666666664 0.073515625 0.0816875
0 0.567203125 0.2743541666666667 0.05621875 0.0694375
0 0.350640625 0.8421666666666667 0.075546875 0.12170833333333334
0 0.678109375 0.3721875 0.072890625 0.11295833333333333
0 0.8248749999999999 0.34568750000000004 0.08106250000000001 0.087125
0 0.80159375 0.41635416666666664 0.092953125 0.07627083333333333
0 0.427921875 0.3939375 0.057546875 0.09120833333333334
0 0.7382500000000001 0.31964583333333335 0.070859375 0.0766875
0 0.7244843750000001 0.2775208333333333 0.067796875 0.06852083333333334