0 0.8741328125000001 0.12986111111111112 0.19236718749999998 0.25972222222222224
0 0.144234375 0.04420833333333333 0.0531953125 0.08843055555555555
0 0.35828125 0.14781944444444445 0.0834296875 0.163625
0 0.454109375 0.13508333333333333 0.06886718750000001 0.11963888888888889
0 0.6715312499999999 0.15405555555555556 0.069109375 0.07244444444444444
0 0.7712656250000001 0.2750972222222222 0.0699609375 0.15906944444444446
0 0.8193125 0.4032777777777778 0.038984375 0.078625
0 0.894703125 0.8173611111111111 0.21059375 0.36527777777777776
0 0.7036953125000001 0.4898055555555556 0.063109375 0.10368055555555557
0 0.707078125 0.6134027777777777 0.064671875 0.12133333333333333
0 0.7496562499999999 0.7446111111111111 0.0454765625 0.09502777777777778
0 0.0326796875 0.5187777777777778 0.0653671875 0.21337499999999998
0 0.07861718749999999 0.5858333333333333 0.059429687499999995 0.11519444444444445
0 0.1838203125 0.470625 0.046953125 0.08745833333333333
0 0.2828984375 0.43173611111111115 0.059726562500000004 0.05411111111111111
0 0.6566875 0.7686527777777777 0.03421875 0.08268055555555556
0 0.738328125 0.8908333333333333 0.04990625 0.08630555555555555