0 0.28120833333333334 0.46387962962962964 0.08342187499999999 0.12590740740740738
0 0.05091145833333333 0.702462962962963 0.10182291666666667 0.14474074074074073
0 0.5436875000000001 0.5346759259259259 0.12929166666666667 0.20269444444444445
0 0.7897604166666666 0.7372314814814815 0.13193749999999999 0.2394259259259259
0 0.526890625 0.7210185185185186 0.076953125 0.15148148148148147
0 0.48391666666666666 0.6041111111111112 0.07147916666666668 0.11934259259259258
0 0.716875 0.45160185185185187 0.087609375 0.23560185185185184
0 0.7358802083333333 0.6069351851851852 0.09646354166666667 0.13428703703703704
0 0.21650520833333334 0.7469537037037037 0.09094270833333334 0.17816666666666667
0 0.27209374999999997 0.9666666666666667 0.116578125 0.06666666666666667
0 0.417390625 0.49584259259259256 0.04334375 0.07867592592592593
0 0.49563541666666666 0.9377314814814814 0.05845833333333333 0.12453703703703704
0 0.5555312499999999 0.9213888888888889 0.06133333333333334 0.07332407407407407