0 0.39904687499999997 0.7386527777777778 0.3274296875 0.5226805555555555
0 0.16675 0.8047361111111111 0.13507031249999998 0.1733611111111111
0 0.7419687500000001 0.9701388888888889 0.10320312499999999 0.059722222222222225
0 0.6395078125 0.5858333333333333 0.0730625 0.13369444444444445
0 0.589125 0.613375 0.07227343750000001 0.11933333333333333
0 0.0268203125 0.8278888888888889 0.0536484375 0.12706944444444443
0 0.712421875 0.07534722222222222 0.07307812500000001 0.14049999999999999
0 0.20985937500000001 0.342375 0.0677890625 0.18383333333333335
0 0.3933046875 0.25955555555555554 0.0465 0.08298611111111111
0 0.5035859375 0.18318055555555554 0.0636640625 0.12469444444444444
0 0.9461171875 0.35744444444444445 0.06359375 0.07969444444444444
0 0.7702265625 0.5319166666666667 0.0512109375 0.08606944444444445
0 0.9096718750000001 0.7852916666666666 0.121796875 0.20855555555555555
0 0.9799453124999999 0.6131527777777778 0.0401015625 0.06795833333333333
0 0.946515625 0.5388611111111111 0.047593750000000004 0.08698611111111111
0 0.894953125 0.33568055555555554 0.056960937499999996 0.10099999999999999
0 0.11588281250000002 0.24340277777777777 0.045125 0.10933333333333334
0 0.26303125 0.3103888888888889 0.035164062499999996 0.07634722222222222
0 0.2709453125 0.2331388888888889 0.0363203125 0.06597222222222222
0 0.4537265625 0.15801388888888887 0.0251640625 0.07933333333333333
0 0.7689843749999999 0.13636111111111113 0.04209375 0.10856944444444444
0 0.7706953125 0.034430555555555555 0.030109375 0.068875
0 0.4663515625 0.39576388888888886 0.0394765625 0.10581944444444444
0 0.5030625 0.3735138888888889 0.049539062499999995 0.08034722222222222
0 0.5349453125 0.5327083333333333 0.087 0.1057361111111111
0 0.18544531250000001 0.21015277777777777 0.059765625 0.06754166666666667
0 0.090203125 0.40508333333333335 0.049046875000000004 0.05977777777777778
0 0.0279296875 0.6158194444444445 0.055867187500000005 0.07030555555555555
0 0.085171875 0.1679027777777778 0.0526796875 0.06868055555555556
0 0.20535156250000003 0.09713888888888889 0.049921875 0.10980555555555556
0 0.24441406250000003 0.04109722222222222 0.0852421875 0.08219444444444444
0 0.981171875 0.07793055555555556 0.0376640625 0.07519444444444444
0 0.9529453125 0.263 0.0487578125 0.07622222222222222
0 0.6385390625 0.23675000000000002 0.039718750000000004 0.06179166666666667
0 0.25382812499999996 0.5013194444444444 0.0492890625 0.10765277777777779
0 0.29609375 0.2563472222222222 0.0396640625 0.059111111111111114
0 0.048359374999999996 0.10473611111111111 0.040695312500000004 0.14023611111111112
0 0.641 0.47754166666666664 0.04121875 0.09434722222222224
0 0.6921484375 0.5281388888888888 0.037375000000000005 0.06616666666666667
0 0.8372578125000001 0.45034722222222223 0.030234375 0.11224999999999999
0 0.77134375 0.4290416666666667 0.0416640625 0.06965277777777777
0 0.85759375 0.6032777777777778 0.0275546875 0.08323611111111111
0 0.8460390625 0.5675138888888889 0.042109375 0.07261111111111111