0 0.7319375 0.7525416666666668 0.536109375 0.49491666666666667
0 0.120828125 0.8590208333333333 0.24167187499999998 0.2819375
0 0.03675 0.05825 0.048515625 0.051104166666666666
0 0.101515625 0.05 0.08934375 0.1
0 0.285515625 0.04575 0.040765625 0.08533333333333333
0 0.41381249999999997 0.09158333333333334 0.052609375 0.09554166666666666
0 0.573171875 0.0466875 0.044953125 0.08349999999999999
0 0.34715625 0.960875 0.094578125 0.07825
0 0.385859375 0.71775 0.083140625 0.09195833333333334
0 0.07009375 0.5131875 0.09315625 0.07172916666666666
0 0.857 0.3549166666666667 0.07834375 0.11514583333333334
0 0.38725 0.5751875 0.09425 0.08464583333333334
0 0.10828125 0.18758333333333335 0.113984375 0.11960416666666666
0 0.38151562499999997 0.36020833333333335 0.0605625 0.12227083333333333
0 0.44887499999999997 0.34402083333333333 0.06475 0.080625
0 0.264171875 0.4315 0.0380625 0.07964583333333333
0 0.60059375 0.2935625 0.065078125 0.0630625
0 0.668828125 0.2625625 0.059171875 0.065875
0 0.448359375 0.01875 0.041484375000000004 0.0375
0 0.98628125 0.2825 0.027437499999999997 0.10725