0 0.115203125 0.13880555555555554 0.11385937500000001 0.22331944444444443
0 0.018359375 0.3856527777777778 0.03671875 0.16390277777777779
0 0.1603828125 0.5767916666666667 0.12506250000000002 0.20359722222222223
0 0.3257265625 0.6506111111111111 0.085828125 0.20770833333333336
0 0.188765625 0.7744166666666668 0.1255859375 0.18218055555555554
0 0.060906249999999995 0.8811111111111111 0.0822265625 0.11315277777777778
0 0.18069531249999998 0.9169027777777777 0.126109375 0.16620833333333335
0 0.093453125 0.7570694444444445 0.069203125 0.1428472222222222
0 0.35503125 0.8380694444444444 0.0665078125 0.16594444444444445
0 0.41283593749999997 0.929625 0.075890625 0.14073611111111112
0 0.530921875 0.6929722222222222 0.0454453125 0.1118888888888889
0 0.6296171875 0.7679583333333333 0.040773437499999995 0.11368055555555555
0 0.38328125 0.27597222222222223 0.0855234375 0.1389861111111111
0 0.28054687500000003 0.10819444444444445 0.0657890625 0.1414027777777778
0 0.3862734375 0.022222222222222223 0.045679687499999996 0.044444444444444446
0 0.201390625 0.07398611111111111 0.06127343750000001 0.09369444444444444
0 0.21089843749999998 0.1855277777777778 0.0552890625 0.12059722222222222
0 0.0365625 0.3047083333333333 0.052390625 0.08133333333333334
0 0.051007812500000006 0.22186111111111112 0.052023437500000005 0.07109722222222221
0 0.153875 0.42109722222222223 0.080796875 0.08465277777777779
0 0.5440703124999999 0.2903611111111111 0.0407421875 0.10076388888888889
0 0.6003203125 0.27991666666666665 0.05509375 0.12370833333333332
0 0.8893593750000001 0.3676111111111111 0.060343749999999995 0.13706944444444444
0 0.6914609375 0.7609999999999999 0.0728125 0.16459722222222223
0 0.7326015625 0.8878194444444445 0.07177343750000001 0.17748611111111112
0 0.8756875000000001 0.7149861111111111 0.0538359375 0.08020833333333334
0 0.8238671875 0.5428055555555555 0.048093750000000005 0.07541666666666666
0 0.8913125000000001 0.607125 0.06425 0.10222222222222221
0 0.603703125 0.40700000000000003 0.053531249999999996 0.1452638888888889
0 0.6941953125 0.27575 0.047031250000000004 0.08761111111111111
0 0.6551328125 0.46272222222222226 0.052234375 0.10970833333333332
0 0.7099453125 0.38454166666666667 0.0389609375 0.07444444444444445
0 0.6311796875 0.201 0.0480625 0.10015277777777777
0 0.45982812500000003 0.42365277777777777 0.067578125 0.1304722222222222
0 0.34278906249999996 0.4810416666666667 0.044109375 0.08977777777777778
0 0.379375 0.7212083333333333 0.0985390625 0.10352777777777779
0 0.59484375 0.8799861111111111 0.04334375 0.08816666666666666
0 0.6629453125 0.9047222222222222 0.047031250000000004 0.09555555555555555
0 0.679609375 0.6277222222222222 0.048796875 0.08322222222222223
0 0.7436640625 0.6832638888888889 0.05225 0.10170833333333335
0 0.2615390625 0.554375 0.0642265625 0.052263888888888894
0 0.2063359375 0.308375 0.0475703125 0.11119444444444444
0 0.6751796875 0.5224305555555555 0.0277578125 0.12726388888888887
0 0.5314453125 0.42824999999999996 0.0548203125 0.10094444444444445
0 0.44069531250000005 0.5545972222222222 0.037117187499999996 0.12215277777777778
0 0.905625 0.8825138888888888 0.0425078125 0.06965277777777777
0 0.94378125 0.9701388888888889 0.050460937500000004 0.059722222222222225