0 0.35271875 0.93525 0.126765625 0.12947916666666667
0 0.85459375 0.9625 0.117359375 0.075
0 0.636 0.6289374999999999 0.21646875 0.31170833333333337
0 0.10393749999999999 0.5733541666666666 0.11951562499999999 0.17170833333333332
0 0.02175 0.6174166666666667 0.043515625 0.17329166666666668
0 0.062015625 0.29027083333333337 0.12403125 0.21770833333333334
0 0.22446875 0.3373541666666667 0.200875 0.30547916666666663
0 0.546203125 0.7217083333333334 0.0823125 0.15433333333333332
0 0.743671875 0.5028333333333334 0.068421875 0.09435416666666667
0 0.86025 0.504875 0.054140625 0.07322916666666666
0 0.86971875 0.1684375 0.260578125 0.3368541666666667
0 0.894015625 0.5411041666666667 0.042359375 0.06585416666666667
0 0.04459375 0.1023125 0.0891875 0.16458333333333333
0 0.156703125 0.20720833333333333 0.06928125 0.08687500000000001
0 0.3038125 0.11204166666666666 0.07315625 0.10808333333333334
0 0.43432812500000006 0.4895 0.076546875 0.06810416666666666
0 0.35103125 0.5167291666666667 0.057343750000000006 0.09052083333333334
0 0.374359375 0.43518749999999995 0.073890625 0.08447916666666666
0 0.34971874999999997 0.29660416666666667 0.053453125000000004 0.15666666666666668
0 0.5375625 0.3288125 0.06959375 0.10250000000000001
0 0.214875 0.0420625 0.12603124999999998 0.07995833333333334
0 0.380125 0.0338125 0.043125000000000004 0.067625
0 0.44706250000000003 0.07200000000000001 0.055874999999999994 0.09847916666666667
0 0.5954843750000001 0.06110416666666666 0.0643125 0.10233333333333333
0 0.47506250000000005 0.24566666666666667 0.079203125 0.09966666666666667
0 0.590796875 0.16893750000000002 0.056859375000000004 0.084
0 0.712421875 0.21683333333333332 0.044375 0.09327083333333334
0 0.654015625 0.19135416666666666 0.040999999999999995 0.09039583333333333
0 0.6281718749999999 0.2719375 0.066234375 0.07529166666666667
0 0.514 0.20514583333333333 0.049390625 0.07308333333333333
0 0.685015625 0.030833333333333334 0.054656249999999997 0.0578125
0 0.69871875 0.1109375 0.03878125 0.051354166666666666
0 0.340328125 0.19279166666666667 0.047984375 0.06445833333333334
0 0.46460937500000005 0.43504166666666666 0.080171875 0.06172916666666666
0 0.41714062500000004 0.3816875 0.036671875 0.05825
0 0.5407968750000001 0.17310416666666667 0.0450625 0.06029166666666667
0 0.1570625 0.353 0.066171875 0.08997916666666667
0 0.056234375 0.44768749999999996 0.0683125 0.0774375