0 0.57321875 0.035354166666666666 0.089921875 0.07072916666666668
0 0.49850000000000005 0.07341666666666667 0.08451562500000001 0.13089583333333332
0 0.6975 0.08760416666666666 0.099875 0.1479375
0 0.358453125 0.15272916666666667 0.07146875 0.1266875
0 0.401078125 0.11372916666666667 0.070578125 0.14716666666666667
0 0.26187499999999997 0.10995833333333334 0.04875 0.12443749999999999
0 0.183328125 0.107875 0.053593749999999996 0.05591666666666666
0 0.101671875 0.3172291666666667 0.11937500000000001 0.3609791666666667
0 0.175390625 0.31235416666666665 0.087296875 0.15270833333333333
0 0.262171875 0.41439583333333335 0.08134375 0.11214583333333333
0 0.36117187500000003 0.308 0.079375 0.103875
0 0.574078125 0.231875 0.071171875 0.12587500000000001
0 0.504484375 0.3593125 0.091046875 0.0739375
0 0.578046875 0.4219583333333333 0.108671875 0.2636041666666667
0 0.65346875 0.38183333333333336 0.068625 0.1530625
0 0.7466406250000001 0.451875 0.12090624999999999 0.16437500000000002
0 0.8574375 0.31177083333333333 0.11525 0.12658333333333333
0 0.959546875 0.8557291666666667 0.08089062500000001 0.25614583333333335
0 0.5524843749999999 0.8576250000000001 0.06889062500000001 0.176625
0 0.455765625 0.8950833333333333 0.066328125 0.20985416666666667
0 0.360453125 0.9717708333333334 0.069765625 0.0564375
0 0.1935625 0.9604166666666667 0.062296874999999995 0.07916666666666666
0 0.039921875 0.7561458333333333 0.079828125 0.20091666666666666
0 0.3525 0.8017708333333334 0.08249999999999999 0.1671875
0 0.49310937499999996 0.6444583333333332 0.0683125 0.09116666666666666
0 0.311734375 0.5253541666666667 0.06459375 0.11433333333333334
0 0.33715625 0.42443749999999997 0.06771875000000001 0.098125
0 0.368125 0.5030208333333334 0.045578125000000004 0.07725
0 0.51696875 0.47291666666666665 0.0546875 0.10414583333333334
0 0.8175156250000001 0.2665208333333334 0.089953125 0.12320833333333334
0 0.06999999999999999 0.6277916666666666 0.07648437500000001 0.1184375
0 0.25790625 0.6340416666666666 0.06146875 0.0665625
0 0.1716875 0.6171875 0.11173437500000001 0.12754166666666666
0 0.146125 0.5282083333333333 0.049234375000000004 0.078375
0 0.2164375 0.8390833333333333 0.042140625 0.08650000000000001
0 0.40831249999999997 0.3305208333333333 0.041890625 0.10727083333333334
0 0.0115 0.24495833333333333 0.023015625 0.08762500000000001