0 0.65528125 0.07777083333333333 0.12762500000000002 0.1555625
0 0.53271875 0.07545833333333334 0.088015625 0.15091666666666667
0 0.8589218750000001 0.20752083333333332 0.0710625 0.10904166666666668
0 0.709453125 0.35331250000000003 0.11651562499999998 0.16004166666666667
0 0.5582499999999999 0.330875 0.1585 0.19658333333333333
0 0.249765625 0.341 0.105328125 0.13477083333333334
0 0.081203125 0.2524166666666667 0.098703125 0.12110416666666667
0 0.17024999999999998 0.2935625 0.090734375 0.10010416666666666
0 0.090453125 0.8287916666666667 0.18090625 0.25852083333333337
0 0.222859375 0.8429166666666668 0.120953125 0.2080625
0 0.500609375 0.898375 0.176546875 0.20325000000000001
0 0.8455468749999999 0.8126041666666667 0.0943125 0.16133333333333333
0 0.951953125 0.9770833333333333 0.08725000000000001 0.04583333333333333
0 0.766546875 0.8438541666666667 0.077546875 0.11733333333333333
0 0.052203124999999996 0.5627083333333334 0.06293750000000001 0.06891666666666667
0 0.24784375 0.5705625 0.06792187499999999 0.09391666666666666
0 0.366421875 0.5819166666666666 0.052578124999999996 0.07491666666666667
0 0.53740625 0.7593958333333333 0.08349999999999999 0.0826875
0 0.9536875 0.6272708333333333 0.05600000000000001 0.07304166666666667
0 0.840859375 0.9655 0.073375 0.06897916666666666