0 0.541859375 0.9081666666666667 0.200640625 0.18366666666666667
0 0.38015625000000003 0.7615208333333333 0.123015625 0.18902083333333333
0 0.41518750000000004 0.15945833333333334 0.14932812499999998 0.18279166666666666
0 0.25568749999999996 0.08504166666666667 0.086359375 0.12920833333333334
0 0.059375 0.1399375 0.11875 0.2798541666666667
0 0.34564062500000003 0.11364583333333332 0.070984375 0.1288125
0 0.08278125 0.05516666666666667 0.0719375 0.08827083333333333
0 0.516609375 0.08177083333333333 0.120953125 0.16354166666666667
0 0.93465625 0.20872916666666666 0.124 0.1320625
0 0.9362187499999999 0.7310208333333333 0.127125 0.1601875
0 0.17978125 0.43943750000000004 0.078453125 0.07670833333333334
0 0.052578124999999996 0.5982083333333333 0.06984375000000001 0.1054375
0 0.37090625 0.41860416666666667 0.058703125 0.0905625
0 0.363609375 0.3063125 0.112125 0.09639583333333333
0 0.75446875 0.6962916666666668 0.12178125 0.104625
0 0.8755625 0.8188333333333334 0.09315625 0.13039583333333335
0 0.760328125 0.8155416666666666 0.060578125000000003 0.14045833333333332
0 0.73103125 0.9054375 0.081328125 0.1065
0 0.960421875 0.31447916666666664 0.079171875 0.13216666666666665
0 0.80525 0.4428958333333333 0.046265625 0.08364583333333334
0 0.187859375 0.6060416666666666 0.050859375 0.06291666666666666
0 0.344484375 0.6008125 0.06415625 0.08633333333333333
0 0.28953125 0.884375 0.14364062500000002 0.229875
0 0.106484375 0.9399375 0.061 0.11877083333333333
0 0.0326875 0.9558958333333333 0.065359375 0.0881875
0 0.1665 0.9538333333333333 0.0373125 0.07710416666666667
0 0.506453125 0.7853125 0.069390625 0.06991666666666667
0 0.55384375 0.7705625 0.041281250000000005 0.057770833333333334
0 0.619984375 0.7877291666666667 0.075671875 0.06783333333333334
0 0.9845 0.44877083333333334 0.030984374999999998 0.08783333333333333