0 0.074453125 0.1125 0.11984375 0.225
0 0.1783515625 0.23644444444444446 0.083921875 0.16691666666666669
0 0.617640625 0.12754166666666666 0.11680468749999999 0.2550972222222222
0 0.310890625 0.021069444444444443 0.0303046875 0.042124999999999996
0 0.44577343750000004 0.28152777777777777 0.049875 0.16859722222222223
0 0.059343749999999994 0.3756805555555556 0.11867968749999999 0.306
0 0.0248671875 0.37963888888888886 0.0497421875 0.142625
0 0.0489609375 0.158875 0.0979140625 0.21033333333333332
0 0.1741875 0.7177222222222223 0.09225781250000001 0.24006944444444445
0 0.2555546875 0.567125 0.0571171875 0.12130555555555556
0 0.2378515625 0.8902777777777777 0.113359375 0.21944444444444444
0 0.6880625 0.898375 0.2089375 0.20323611111111112
0 0.7212734375000001 0.726986111111111 0.0866171875 0.1845277777777778
0 0.7624140625 0.8065972222222222 0.0980859375 0.15855555555555556
0 0.8139765625000001 0.4356388888888889 0.078296875 0.1527638888888889
0 0.7889765625 0.22320833333333334 0.07621093749999999 0.20011111111111113
0 0.9454453125000001 0.22156944444444446 0.10911718749999999 0.3218333333333333
0 0.8600546874999999 0.06041666666666667 0.11282031249999999 0.12083333333333333
0 0.5133515625 0.9481527777777777 0.0831953125 0.10370833333333333
0 0.5005859375 0.7746944444444444 0.0514296875 0.09968055555555555
0 0.321828125 0.6816666666666666 0.041765625 0.05426388888888889
0 0.6428906249999999 0.5337777777777778 0.040257812500000004 0.07125
0 0.18394531249999999 0.8982777777777777 0.06528125 0.17658333333333334
0 0.0125 0.6534444444444445 0.025 0.10145833333333333
0 0.344484375 0.8073055555555555 0.043328125 0.053500000000000006