0 0.646953125 0.043062500000000004 0.130390625 0.08610416666666666
0 0.5174375 0.021062499999999998 0.103640625 0.042124999999999996
0 0.554421875 0.05477083333333333 0.09078125000000001 0.06266666666666666
0 0.783578125 0.12535416666666668 0.062015625 0.09279166666666666
0 0.32806250000000003 0.36495833333333333 0.23693749999999997 0.6645208333333333
0 0.424921875 0.07314583333333333 0.083484375 0.14629166666666665
0 0.9359375 0.5348958333333333 0.128125 0.27258333333333334
0 0.548 0.6427499999999999 0.09912499999999999 0.12718749999999998
0 0.9318125 0.31947916666666665 0.07475000000000001 0.15191666666666667
0 0.478390625 0.7820625 0.096 0.15579166666666666
0 0.8014687500000001 0.3649791666666667 0.05121875 0.0728125
0 0.79340625 0.5489583333333333 0.06215625 0.09375
0 0.877375 0.47085416666666663 0.061515625 0.11800000000000001
0 0.612953125 0.5597291666666667 0.053265625000000004 0.10695833333333334
0 0.524546875 0.5362916666666667 0.05559375 0.10172916666666666
0 0.830515625 0.703375 0.094703125 0.16647916666666665
0 0.86240625 0.8601666666666666 0.06021875 0.16927083333333334
0 0.72465625 0.9109583333333333 0.09546875 0.09554166666666666
0 0.512953125 0.8849791666666668 0.097 0.17170833333333332
0 0.25165625 0.9023333333333333 0.163875 0.16479166666666664
0 0.120796875 0.44152083333333336 0.077015625 0.11764583333333332
0 0.16975 0.5140833333333333 0.06465625 0.13225
0 0.243703125 0.702875 0.083421875 0.0925625
0 0.013796875 0.596125 0.027609375000000002 0.13947916666666668
0 0.08499999999999999 0.658625 0.059687500000000004 0.08389583333333334
0 0.159984375 0.6076250000000001 0.048625 0.09447916666666667
0 0.197359375 0.34918750000000004 0.040703125 0.06620833333333334
0 0.23107812499999997 0.35541666666666666 0.048078125 0.07125000000000001
0 0.9233437500000001 0.9366249999999999 0.15331250000000002 0.12675