0 0.25855208333333335 0.15300925925925926 0.12143229166666666 0.3060185185185185
0 0.10596354166666666 0.30118518518518517 0.14536458333333335 0.22181481481481483
0 0.13746875 0.39282407407407405 0.12922916666666667 0.2199074074074074
0 0.16351041666666666 0.4185185185185185 0.097984375 0.14629629629629629
0 0.15179166666666666 0.6230648148148148 0.16828645833333333 0.2776111111111111
0 0.07965625 0.6959722222222222 0.067640625 0.1873240740740741
0 0.058958333333333335 0.9111851851851852 0.11176562500000001 0.16404629629629627
0 0.5593125000000001 0.9469907407407407 0.15013020833333332 0.10601851851851851
0 0.5426458333333334 0.4643240740740741 0.14179166666666668 0.2286574074074074
0 0.32326041666666666 0.3493148148148148 0.15086979166666667 0.22548148148148148
0 0.29553124999999997 0.6082592592592592 0.109984375 0.22949074074074075
0 0.3168802083333333 0.8063703703703704 0.04644791666666667 0.10718518518518519
0 0.37625 0.7695740740740741 0.042291666666666665 0.12155555555555556
0 0.6207604166666666 0.7984907407407408 0.10014062500000001 0.15625
0 0.6815625 0.8746296296296296 0.08010416666666667 0.11871296296296296
0 0.7574687499999999 0.17808333333333334 0.0819375 0.1607962962962963
0 0.6478437499999999 0.4511574074074074 0.05640104166666667 0.11434259259259259
0 0.7948385416666667 0.6654259259259259 0.12959375 0.2188148148148148
0 0.9467760416666666 0.73625 0.08353125 0.1289814814814815
0 0.9696927083333333 0.5478796296296297 0.060619791666666666 0.15038888888888888
0 0.9350572916666666 0.418287037037037 0.08092708333333333 0.16898148148148148
0 0.98375 0.3879722222222222 0.0325 0.14076851851851852
0 0.9738541666666667 0.263712962962963 0.052286458333333334 0.10057407407407408
0 0.9105729166666666 0.13300925925925927 0.06802604166666668 0.1562037037037037
0 0.9702135416666666 0.12208333333333332 0.059578125 0.16916666666666666
0 0.8585052083333333 0.18687962962962965 0.088203125 0.1506111111111111
0 0.6322135416666667 0.29544444444444445 0.047760416666666666 0.08133333333333334
0 0.6779166666666666 0.27621296296296294 0.0353125 0.0977962962962963
0 0.6598177083333333 0.08275 0.05327604166666667 0.13678703703703704
0 0.15465625 0.7985 0.10527083333333334 0.10071296296296296
0 0.7277864583333333 0.9084166666666667 0.08922395833333334 0.13998148148148148