0 0.6034427083333332 0.1378611111111111 0.07175520833333333 0.1252037037037037
0 0.6211510416666666 0.2688333333333333 0.05926041666666667 0.10213888888888889
0 0.4969375 0.4708333333333333 0.09316145833333334 0.14812037037037037
0 0.23559895833333336 0.7178703703703704 0.28033854166666666 0.531425925925926
0 0.09608854166666667 0.32228703703703704 0.092171875 0.20127777777777778
0 0.3372083333333334 0.3723425925925926 0.057640625 0.08342592592592592
0 0.3192447916666667 0.09133333333333334 0.08923958333333333 0.13979629629629628
0 0.23347395833333331 0.1265277777777778 0.06163541666666667 0.10558333333333333
0 0.030395833333333334 0.04187962962962963 0.03815104166666667 0.08026851851851852
0 0.1900885416666667 0.3665277777777778 0.042208333333333334 0.08766666666666667
0 0.560984375 0.6408333333333334 0.13863020833333334 0.2016851851851852
0 0.6938489583333334 0.8735185185185185 0.07681770833333333 0.13116666666666665
0 0.7527604166666666 0.859 0.05426041666666667 0.10112037037037036
0 0.7383958333333334 0.48154629629629636 0.04455208333333334 0.1280277777777778
0 0.584375 0.5260555555555555 0.050765625 0.08733333333333333
0 0.6591354166666666 0.7061203703703703 0.05976041666666666 0.10762962962962963
0 0.9429270833333334 0.7938148148148149 0.057374999999999995 0.09662037037037037
0 0.8479635416666667 0.8326759259259259 0.06650520833333333 0.1105
0 0.8747760416666667 0.44142592592592594 0.036656249999999994 0.06400925925925925
0 0.727828125 0.34705555555555556 0.038614583333333334 0.07427777777777778
0 0.44613020833333333 0.1855925925925926 0.08091145833333332 0.11101851851851853
0 0.4581458333333333 0.29762962962962963 0.037807291666666666 0.12091666666666667
0 0.48446354166666666 0.053037037037037035 0.04620833333333333 0.07093518518518518
0 0.8679218750000001 0.027296296296296298 0.044171875 0.054592592592592595