0 0.07434895833333334 0.20128703703703701 0.14869791666666668 0.23724074074074078
0 0.022500000000000003 0.8769351851851852 0.045000000000000005 0.10983333333333334
0 0.021458333333333336 0.5827685185185185 0.04291666666666667 0.11668518518518518
0 0.27871875 0.36542592592592593 0.057562499999999996 0.09951851851851852
0 0.2616354166666667 0.27952777777777776 0.0500625 0.07873148148148149
0 0.6374375000000001 0.11198148148148147 0.040125 0.06344444444444444
0 0.6905572916666666 0.06314814814814815 0.053609375 0.1262962962962963
0 0.7709635416666667 0.08422222222222221 0.06442708333333333 0.14710185185185184
0 0.9568854166666667 0.2860185185185185 0.07585416666666665 0.15093518518518517
0 0.6125416666666667 0.46116666666666667 0.066328125 0.2821111111111111
0 0.41661979166666663 0.6118333333333333 0.05990625 0.12150925925925925
0 0.4766197916666667 0.6758981481481482 0.11176041666666667 0.17857407407407408
0 0.75065625 0.901 0.05505729166666666 0.09874074074074074
0 0.752640625 0.8356203703703704 0.07222395833333332 0.11494444444444445
0 0.8556510416666666 0.8659814814814815 0.07661458333333333 0.1164074074074074
0 0.8051302083333333 0.7922962962962963 0.057755208333333335 0.12459259259259259
0 0.662328125 0.8948611111111111 0.061739583333333334 0.08528703703703704
0 0.5948333333333333 0.9612962962962963 0.060083333333333336 0.0774074074074074
0 0.4569270833333333 0.8602777777777778 0.08427083333333334 0.13574074074074075
0 0.96896875 0.7023333333333334 0.033359375 0.07059259259259258
0 0.6374375000000001 0.7101296296296297 0.040125 0.06937037037037037
0 0.416515625 0.9844444444444445 0.06178125 0.031111111111111114
0 0.314859375 0.5535092592592592 0.025130208333333334 0.06409259259259259
0 0.532234375 0.7453055555555556 0.028635416666666667 0.06568518518518518
0 0.5698385416666666 0.7208703703703704 0.02323958333333333 0.08492592592592592
0 0.75159375 0.47946296296296304 0.046515625 0.07885185185185185
0 0.8020052083333333 0.4209537037037037 0.025677083333333333 0.047712962962962964
0 0.8322135416666666 0.4211481481481481 0.038072916666666665 0.0658611111111111