0 0.9179427083333334 0.15354629629629632 0.16411458333333334 0.30709259259259264
0 0.9336354166666666 0.9078148148148149 0.13272916666666668 0.18437037037037038
0 0.7968437500000001 0.8484537037037038 0.1752395833333333 0.3030925925925926
0 0.662625 0.9088055555555555 0.08934375 0.18239814814814817
0 0.660734375 0.6833611111111111 0.08778645833333334 0.19058333333333335
0 0.4305729166666667 0.925425925925926 0.10417708333333334 0.14914814814814817
0 0.3142916666666667 0.6510092592592593 0.127421875 0.24721296296296297
0 0.4248333333333333 0.5481111111111111 0.12251562499999999 0.2126574074074074
0 0.5401927083333333 0.45949074074074076 0.1015625 0.14956481481481482
0 0.31129166666666663 0.9060833333333334 0.073484375 0.14472222222222222
0 0.07395312500000001 0.0439537037037037 0.14790625000000002 0.08789814814814816
0 0.32444270833333333 0.08042592592592593 0.06411979166666666 0.07637037037037038
0 0.47266145833333334 0.11940740740740742 0.08679166666666666 0.12009259259259258
0 0.578390625 0.14756481481481482 0.046572916666666665 0.10029629629629629
0 0.6529791666666667 0.36287037037037034 0.04508854166666666 0.07429629629629629
0 0.444625 0.8096574074074073 0.044411458333333334 0.08124074074074074
0 0.5760364583333334 0.6778425925925926 0.064125 0.09539814814814815
0 0.20330208333333333 0.2934259259259259 0.10437500000000001 0.25883333333333336
0 0.017765625 0.17024074074074075 0.03553125 0.20062037037037037
0 0.08827083333333333 0.1951111111111111 0.06789583333333334 0.09646296296296297
0 0.11790625 0.3185555555555556 0.049171875 0.06557407407407406
0 0.045802083333333334 0.6596388888888889 0.07159895833333334 0.12235185185185184
0 0.353921875 0.42195370370370366 0.03544791666666667 0.06762962962962964
0 0.5863072916666667 0.9089259259259259 0.05219270833333333 0.0813888888888889
0 0.126734375 0.9345925925925926 0.06179166666666667 0.10497222222222223
0 0.19050520833333331 0.6136111111111111 0.048609374999999996 0.08188888888888889
0 0.24538541666666666 0.6029814814814815 0.04004166666666666 0.07313888888888888
0 0.32278645833333336 0.3781666666666667 0.032989583333333336 0.10517592592592592
0 0.12893229166666667 0.4982314814814815 0.031010416666666665 0.10760185185185185
0 0.06366666666666666 0.24874999999999997 0.039015625 0.05358333333333333
0 0.5194635416666666 0.13819444444444445 0.06625520833333333 0.12251851851851851
0 0.6152447916666667 0.0994537037037037 0.038302083333333334 0.05505555555555556
0 0.6149791666666666 0.7755648148148149 0.057921875 0.0930462962962963
0 0.28972916666666665 0.39313888888888887 0.023 0.07591666666666666
0 0.23969791666666668 0.4264074074074074 0.027140624999999998 0.060055555555555556
0 0.11378645833333333 0.5911574074074074 0.051958333333333336 0.10219444444444445
0 0.0566875 0.45875 0.09366145833333334 0.12457407407407407
0 0.058703124999999995 0.35598148148148145 0.03970833333333333 0.0744537037037037
0 0.2811197916666667 0.8654907407407407 0.06077604166666666 0.11631481481481482
0 0.25948958333333333 0.9670555555555557 0.051744791666666665 0.06588888888888889
0 0.5906666666666667 0.527175925925926 0.060994791666666666 0.1495462962962963
0 0.5652968749999999 0.8276666666666667 0.06477604166666667 0.09326851851851853