0 0.7444583333333333 0.7525462962962963 0.357953125 0.4949074074074074
0 0.5568437500000001 0.49549074074074073 0.2618385416666667 0.7030277777777778
0 0.9454427083333333 0.2326851851851852 0.10911458333333333 0.2514722222222222
0 0.93428125 0.8763888888888889 0.13144270833333332 0.24722222222222223
0 0.5676406249999999 0.0832037037037037 0.13346354166666666 0.16548148148148148
0 0.6484947916666666 0.08009259259259259 0.07853125 0.16018518518518518
0 0.07679166666666666 0.2116851851851852 0.06711979166666666 0.147
0 0.23121354166666666 0.7015277777777778 0.09799479166666666 0.1799074074074074
0 0.06598958333333334 0.6385925925925926 0.07166666666666667 0.1651388888888889
0 0.04700520833333333 0.930787037037037 0.09401041666666667 0.13842592592592592
0 0.26245833333333335 0.9236851851851853 0.07716666666666666 0.14275
0 0.15360416666666668 0.8281574074074074 0.06971354166666667 0.11775925925925927
0 0.8437916666666666 0.4233796296296296 0.07335937499999999 0.13287962962962963
0 0.7897552083333333 0.3378055555555555 0.04513020833333334 0.15864814814814815
0 0.8694375 0.2313148148148148 0.0455 0.10985185185185185
0 0.402671875 0.36991666666666667 0.07566145833333333 0.16947222222222222
0 0.25907291666666665 0.24222222222222226 0.0683125 0.10443518518518519
0 0.11533333333333333 0.29012037037037036 0.05370833333333334 0.05957407407407408
0 0.027473958333333333 0.5046018518518519 0.054947916666666666 0.1703148148148148
0 0.10959895833333334 0.04421296296296296 0.03899479166666667 0.08842592592592592
0 0.7443124999999999 0.29056481481481483 0.040192708333333334 0.06168518518518519
0 0.5060520833333333 0.05544444444444445 0.04804166666666666 0.10996296296296297
0 0.38328124999999996 0.7531759259259259 0.03344270833333333 0.08253703703703703
0 0.937921875 0.5817037037037037 0.038739583333333334 0.08752777777777777
0 0.9903645833333333 0.4095277777777778 0.019270833333333334 0.08000925925925925