0 0.15101041666666667 0.5147777777777778 0.15422916666666667 0.22769444444444445
0 0.40515625 0.39444444444444443 0.09385937500000001 0.22776851851851854
0 0.07369791666666667 0.9157407407407407 0.14739583333333334 0.1685185185185185
0 0.36544791666666665 0.6816203703703704 0.14983333333333335 0.22712037037037036
0 0.6177604166666666 0.7771944444444444 0.12041145833333333 0.24326851851851852
0 0.6975781249999999 0.5694537037037037 0.128796875 0.18147222222222223
0 0.8181354166666667 0.5847129629629629 0.0654375 0.10464814814814814
0 0.8762083333333333 0.7453148148148149 0.07362500000000001 0.14455555555555555
0 0.9036770833333333 0.9469907407407407 0.06724479166666668 0.10601851851851851
0 0.7038802083333333 0.7263611111111111 0.07906770833333333 0.12947222222222224
0 0.7334427083333334 0.8631851851851852 0.05589583333333333 0.09200925925925926
0 0.517015625 0.9104166666666667 0.03866666666666666 0.09480555555555556
0 0.46427604166666664 0.9613703703703703 0.0363125 0.07726851851851853
0 0.637078125 0.9437777777777777 0.05796354166666667 0.11245370370370371
0 0.7152083333333333 0.9435185185185185 0.029848958333333335 0.07305555555555555
0 0.50815625 0.9784999999999999 0.037625 0.04300925925925926