0 0.08745312499999999 0.034958333333333334 0.12787500000000002 0.06991666666666667
0 0.30028125 0.5832499999999999 0.242484375 0.36464583333333334
0 0.51884375 0.5339583333333333 0.2824375 0.4003125
0 0.18246875 0.9099583333333333 0.3649375 0.18008333333333332
0 0.1101875 0.5488125 0.13446875 0.13372916666666665
0 0.54696875 0.084375 0.10815625 0.107625
0 0.66309375 0.07627083333333333 0.0738125 0.12383333333333332
0 0.799890625 0.5770416666666667 0.133546875 0.125375
0 0.6665625000000001 0.5592083333333334 0.052968749999999995 0.14991666666666664
0 0.7375625 0.8711666666666668 0.039453125 0.10714583333333333
0 0.8918906249999999 0.5807708333333333 0.06759375 0.07085416666666666
0 0.72715625 0.644625 0.060281249999999995 0.09385416666666666
0 0.17320312499999999 0.2512083333333333 0.106125 0.15889583333333332