0 0.9421875 0.7570694444444445 0.115625 0.17987499999999998
0 0.35867187500000003 0.3972222222222222 0.111296875 0.1962916666666667
0 0.09046875 0.3734444444444444 0.1372890625 0.09580555555555556
0 0.3843125 0.6874166666666667 0.135296875 0.17483333333333334
0 0.3328671875 0.8772361111111111 0.1313671875 0.1963611111111111
0 0.569453125 0.6242916666666667 0.0857890625 0.169
0 0.5448593749999999 0.2975277777777778 0.07040625 0.10030555555555555
0 0.9616171874999999 0.3715833333333334 0.06946875 0.11886111111111111
0 0.0471015625 0.11275 0.09419531249999999 0.2255138888888889
0 0.058265625 0.7571944444444444 0.050093750000000006 0.10641666666666667
0 0.06489843749999999 0.6659166666666666 0.0427734375 0.08923611111111111
0 0.6996875 0.27079166666666665 0.050796875 0.06944444444444445