0 0.24143750000000003 0.11829166666666667 0.16365625 0.23658333333333334
0 0.06314062499999999 0.24310416666666665 0.10703125 0.17510416666666667
0 0.044437500000000005 0.6038541666666667 0.088890625 0.25310416666666663
0 0.07568749999999999 0.8636666666666667 0.151390625 0.27268749999999997
0 0.34367187499999996 0.9134166666666667 0.16234375 0.17314583333333333
0 0.48464062500000005 0.93425 0.18071874999999998 0.13147916666666667
0 0.29281250000000003 0.8868125 0.1025625 0.22639583333333332
0 0.159671875 0.8056666666666668 0.06678125 0.1196875
0 0.50096875 0.5867291666666666 0.182796875 0.30216666666666664
0 0.35546875 0.14064583333333333 0.1165 0.1455625
0 0.377359375 0.27875 0.09667187499999999 0.20008333333333334
0 0.41867187499999997 0.4316875 0.0904375 0.24210416666666665
0 0.8478125000000001 0.354875 0.121046875 0.23658333333333334
0 0.67178125 0.3919166666666667 0.063390625 0.08845833333333333
0 0.267984375 0.3218333333333333 0.044578125 0.074875
0 0.167125 0.460875 0.048375 0.12452083333333334
0 0.30809375 0.5805 0.08590624999999999 0.13693750000000002
0 0.32995312499999996 0.6899791666666667 0.062 0.1105
0 0.38864062499999996 0.6658958333333334 0.0636875 0.1364375
0 0.546609375 0.7094374999999999 0.074140625 0.12833333333333333
0 0.902140625 0.9388958333333334 0.12696875000000002 0.12222916666666667
0 0.6790625 0.8995416666666666 0.1113125 0.20091666666666666
0 0.77696875 0.6918124999999999 0.068265625 0.16972916666666665
0 0.906125 0.7739583333333333 0.059953124999999996 0.15347916666666667
0 0.967234375 0.6267916666666667 0.06275 0.13691666666666666
0 0.8314843749999999 0.8746458333333333 0.063421875 0.10020833333333333
0 0.42162499999999997 0.7917916666666667 0.088 0.07341666666666667
0 0.25584375000000004 0.6980625 0.075828125 0.09429166666666666
0 0.35028125 0.4159791666666666 0.039734375 0.08104166666666666