0 0.04635416666666667 0.9136203703703704 0.09270833333333334 0.17275
0 0.16611458333333334 0.9331018518518519 0.17610416666666667 0.1337962962962963
0 0.371046875 0.8746111111111111 0.19853125 0.24830555555555556
0 0.48183333333333334 0.7121666666666666 0.11939583333333334 0.2474722222222222
0 0.06390625 0.5821759259259259 0.08625 0.1699074074074074
0 0.27026041666666667 0.27117592592592593 0.09469270833333333 0.25487037037037036
0 0.44538541666666664 0.37646296296296294 0.14099479166666665 0.20634259259259258
0 0.7441822916666666 0.7850648148148148 0.09044791666666667 0.17569444444444443
0 0.7861145833333333 0.3975185185185185 0.1038125 0.1966388888888889
0 0.9019895833333333 0.5675185185185185 0.15226562500000002 0.3517037037037037
0 0.6695833333333333 0.28850925925925924 0.08322395833333333 0.14149074074074075
0 0.5695937499999999 0.24361111111111114 0.04988020833333333 0.11091666666666668
0 0.5412083333333333 0.4215740740740741 0.04022395833333334 0.14851851851851852
0 0.5706302083333333 0.5712962962962963 0.04178125 0.15925925925925927
0 0.410546875 0.20960185185185184 0.0393125 0.13847222222222225
0 0.8208958333333333 0.27738888888888885 0.06075520833333334 0.16621296296296295
0 0.9817031249999999 0.4761944444444444 0.036598958333333334 0.1430462962962963
0 0.9832447916666667 0.6448611111111111 0.03351041666666667 0.16503703703703704
0 0.8182291666666667 0.9035740740740741 0.09688541666666667 0.19285185185185186
0 0.7147083333333334 0.44569444444444445 0.037723958333333335 0.12650925925925927
0 0.6031718749999999 0.6291296296296297 0.0289375 0.13649999999999998
0 0.2666927083333333 0.5376944444444445 0.07607291666666667 0.17301851851851854
0 0.3066197916666667 0.4255740740740741 0.045609374999999994 0.10088888888888889
0 0.13724999999999998 0.36925 0.06004166666666667 0.15499074074074073
0 0.16636979166666668 0.4855555555555555 0.038015625 0.06874074074074074
0 0.19775520833333332 0.4478796296296296 0.04109895833333333 0.09286111111111112
0 0.205265625 0.7245555555555555 0.062296875 0.12021296296296298
0 0.39953125 0.42941666666666667 0.08860416666666666 0.1115
0 0.4615885416666667 0.48373148148148143 0.08159895833333333 0.10897222222222222
0 0.24540104166666668 0.6448518518518519 0.06736458333333334 0.11237037037037037
0 0.32050520833333335 0.6583981481481482 0.08696875 0.19503703703703704
0 0.6342031250000001 0.9258148148148148 0.07323958333333333 0.14837037037037037
0 0.6857864583333334 0.8638703703703704 0.06782291666666666 0.21329629629629632
0 0.9920520833333334 0.8963148148148148 0.015901041666666667 0.08329629629629628
0 0.17978645833333334 0.6330555555555556 0.05315104166666666 0.07484259259259259
0 0.020119791666666668 0.7126296296296296 0.040239583333333336 0.0795462962962963
0 0.03354166666666667 0.7814166666666666 0.041468750000000006 0.05787962962962963
0 0.25959375 0.8383148148148148 0.04966145833333333 0.07899074074074074
0 0.010760416666666666 0.30214814814814817 0.021520833333333333 0.10985185185185185
0 0.4867447916666666 0.9375185185185185 0.03544791666666667 0.10417592592592594
0 0.6196510416666666 0.3190925925925926 0.04263541666666667 0.04426851851851852