0 0.07900520833333333 0.42153703703703704 0.04563020833333333 0.07363888888888889
0 0.24266145833333336 0.06736111111111111 0.07073958333333333 0.13472222222222222
0 0.40216145833333333 0.29887037037037034 0.13369791666666667 0.22644444444444445
0 0.13421354166666666 0.4136759259259259 0.04980729166666666 0.04864814814814815
0 0.18616145833333334 0.4965185185185185 0.05788541666666667 0.07544444444444445
0 0.2977447916666666 0.6256203703703703 0.10816145833333332 0.2132777777777778
0 0.46778125 0.6482962962962963 0.106625 0.2123425925925926
0 0.6408124999999999 0.7084722222222222 0.10691666666666667 0.18453703703703705
0 0.3562083333333333 0.8833333333333333 0.22300520833333334 0.23333333333333334
0 0.12393229166666667 0.9643518518518519 0.19796875 0.0712962962962963
0 0.22626041666666669 0.6682222222222222 0.0401875 0.09476851851851852
0 0.7665833333333333 0.7404074074074074 0.07933333333333333 0.14656481481481481
0 0.78325 0.24844444444444444 0.06683854166666667 0.06078703703703704
0 0.6879427083333333 0.23155555555555557 0.038697916666666665 0.05014814814814814
0 0.7432760416666666 0.37549074074074074 0.045218749999999995 0.05099074074074074
0 0.5915989583333333 0.5041574074074074 0.075140625 0.06756481481481481
0 0.23172916666666668 0.8778796296296296 0.024041666666666666 0.06039814814814815
0 0.39408333333333334 0.6911203703703703 0.04047395833333333 0.1452037037037037
0 0.6975781249999999 0.8019722222222222 0.05588541666666667 0.09376851851851851
0 0.8316822916666666 0.6890462962962962 0.053307291666666666 0.09012962962962963
0 0.9715104166666666 0.5205833333333334 0.04968229166666667 0.08653703703703704