0 0.5472109374999999 0.15531944444444445 0.2550625 0.3106388888888889
0 0.064453125 0.12059722222222222 0.12890625 0.24119444444444443
0 0.3930390625 0.231125 0.06493750000000001 0.1451527777777778
0 0.687546875 0.6047916666666666 0.12457031249999999 0.2734583333333333
0 0.3829609375 0.4557916666666667 0.030828125 0.06805555555555555
0 0.0229140625 0.21761111111111112 0.0458359375 0.15737500000000001
0 0.0365859375 0.35141666666666665 0.073171875 0.13245833333333334
0 0.09866406250000001 0.482375 0.069203125 0.2184583333333333
0 0.127046875 0.4620277777777778 0.05825781249999999 0.12220833333333332
0 0.6004453125 0.9396666666666665 0.0467265625 0.11449999999999999
0 0.30828125 0.8267222222222222 0.0665625 0.16641666666666666
0 0.4212890625 0.8725555555555555 0.063421875 0.11918055555555555
0 0.473703125 0.8786388888888889 0.0536640625 0.1267222222222222
0 0.116234375 0.9782361111111112 0.10695312500000001 0.04351388888888889
0 0.2849765625 0.5714861111111111 0.046515625 0.11427777777777778
0 0.135515625 0.7675000000000001 0.07260156250000001 0.1035
0 0.31375000000000003 0.49720833333333336 0.0410390625 0.06294444444444444
0 0.42271875000000003 0.503125 0.055296875 0.09258333333333332
0 0.496953125 0.9369861111111111 0.052460937500000006 0.1260138888888889