0 0.8435703125 0.35663888888888884 0.30921875 0.6934861111111111
0 0.7772890625 0.8129027777777778 0.17738281250000001 0.3611111111111111
0 0.1702578125 0.7017638888888889 0.0841015625 0.15391666666666665
0 0.08425 0.736388888888889 0.094421875 0.16001388888888887
0 0.0389609375 0.6310972222222222 0.077921875 0.1859861111111111
0 0.260890625 0.20787499999999998 0.0759609375 0.13208333333333333
0 0.3256953125 0.15338888888888888 0.1000234375 0.09380555555555556
0 0.3415 0.37697222222222226 0.0793984375 0.11484722222222223
0 0.21680468749999998 0.2940277777777778 0.08499999999999999 0.12795833333333334
0 0.6858125 0.08831944444444445 0.1106015625 0.17009722222222223
0 0.66709375 0.3978888888888889 0.0846171875 0.1834722222222222
0 0.5225625 0.3287777777777778 0.060265625 0.12559722222222222