0 0.5802421875 0.5917361111111111 0.1818125 0.3302222222222222
0 0.789625 0.142875 0.19784375 0.2857638888888889
0 0.0979609375 0.6157083333333333 0.10291406249999999 0.19158333333333333
0 0.32165625000000003 0.9630277777777778 0.12064843750000001 0.07394444444444445
0 0.0763515625 0.28018055555555554 0.142015625 0.2489722222222222
0 0.2253515625 0.3317638888888889 0.1650859375 0.29947222222222225
0 0.3489296875 0.5435277777777777 0.1093359375 0.14670833333333333
0 0.9719218749999999 0.5910833333333333 0.0561484375 0.21258333333333335
0 0.9554609375 0.3298611111111111 0.089078125 0.2016388888888889
0 0.4597421875 0.39608333333333334 0.062640625 0.1218611111111111
0 0.33853125 0.3695555555555555 0.0704375 0.1602777777777778
0 0.39924218749999996 0.32530555555555557 0.06839062500000001 0.123
0 0.4414296875 0.2817777777777778 0.0539921875 0.11644444444444445
0 0.5030625 0.25855555555555554 0.038984375 0.08097222222222222
0 0.886765625 0.3337222222222222 0.093578125 0.10323611111111111
0 0.874109375 0.11718055555555557 0.063328125 0.10922222222222222
0 0.9397578125000001 0.04420833333333333 0.084328125 0.08841666666666666
0 0.792 0.23825 0.0587890625 0.09525
0 0.8733906250000001 0.26368055555555553 0.0338984375 0.06194444444444445
0 0.808765625 0.3627916666666666 0.0591328125 0.09187500000000001
0 0.8404609375 0.5356388888888889 0.048421874999999996 0.053375
0 0.8491015624999999 0.4696111111111111 0.041015625 0.08595833333333333
0 0.9425390625000001 0.4257083333333333 0.037203125 0.07136111111111111
0 0.6975390625 0.6060416666666667 0.0445390625 0.07344444444444445
0 0.7370546874999999 0.7115694444444445 0.0344921875 0.04961111111111111
0 0.724703125 0.6499305555555556 0.0344921875 0.058777777777777776
0 0.5017265625 0.17077777777777778 0.0363046875 0.06640277777777778
0 0.393171875 0.1279722222222222 0.0414296875 0.07593055555555556
0 0.3424375 0.092125 0.0338125 0.09205555555555556
0 0.387203125 0.07054166666666667 0.057484375 0.08547222222222223
0 0.4338125 0.014819444444444444 0.033671875000000004 0.029638888888888888
0 0.1993125 0.07061111111111111 0.108078125 0.14123611111111112
0 0.041671875000000004 0.14241666666666666 0.0833515625 0.10847222222222222
0 0.49966406250000006 0.750375 0.10774999999999998 0.1684166666666667
0 0.3108515625 0.6150277777777777 0.0491328125 0.07323611111111111
0 0.2854375 0.14151388888888888 0.0531484375 0.06641666666666667
0 0.8913984375 0.49227777777777776 0.04521875 0.08741666666666667
0 0.7665859375 0.3627916666666666 0.0375859375 0.13577777777777778
0 0.5036796875 0.10145833333333333 0.038570312499999995 0.08509722222222223
0 0.3403828125 0.6563333333333333 0.054390625000000005 0.11913888888888889
0 0.0502109375 0.5039861111111111 0.0584609375 0.06691666666666667