0 0.307 0.44015277777777784 0.4099609375 0.8803194444444445
0 0.6496562499999999 0.15454166666666666 0.1420234375 0.2288888888888889
0 0.546421875 0.3955972222222222 0.06393750000000001 0.22545833333333334
0 0.5932890625 0.6526944444444445 0.1264375 0.24427777777777776
0 0.5039687500000001 0.5837361111111111 0.0647109375 0.2082222222222222
0 0.765921875 0.6346527777777777 0.078203125 0.18041666666666667
0 0.7910625 0.6085 0.0824609375 0.20680555555555558
0 0.6832499999999999 0.41134722222222225 0.0769140625 0.16436111111111112
0 0.28407031250000003 0.9354166666666667 0.1120625 0.12916666666666668
0 0.023570312500000003 0.8889722222222222 0.047132812499999996 0.17516666666666666
0 0.13173437500000001 0.5265972222222222 0.0676328125 0.10781944444444444
0 0.088640625 0.7723472222222223 0.062171875 0.10859722222222222
0 0.12249218749999999 0.3072083333333333 0.07778906249999999 0.13202777777777777
0 0.0125 0.6203194444444444 0.025 0.08693055555555557
0 0.044765624999999996 0.6381388888888888 0.05421875 0.11793055555555555
0 0.9122656250000001 0.9377361111111111 0.07921875 0.12454166666666668
0 0.9670781249999999 0.5055416666666667 0.061250000000000006 0.11662499999999999
0 0.8631875000000001 0.3947222222222222 0.057999999999999996 0.10962500000000001
0 0.659296875 0.03958333333333333 0.064734375 0.07916666666666666
0 0.850421875 0.59 0.0466796875 0.09575
0 0.8686562500000001 0.5057777777777778 0.0731015625 0.07543055555555556
0 0.684296875 0.6344305555555556 0.035578125 0.14755555555555555
0 0.41621874999999997 0.9006944444444445 0.074328125 0.1986111111111111
0 0.4615234375 0.7897083333333333 0.037109375 0.09238888888888888
0 0.512953125 0.7362916666666667 0.048820312500000004 0.16722222222222222
0 0.8613593749999999 0.8079861111111111 0.0477265625 0.11505555555555556
0 0.9084921874999999 0.8283611111111111 0.053445312499999995 0.10022222222222221
0 0.9458671875 0.7510694444444445 0.046296875 0.10305555555555555
0 0.7437968749999999 0.22644444444444442 0.0337578125 0.14179166666666668
0 0.787671875 0.4580972222222222 0.042359375 0.08194444444444444
0 0.855109375 0.7209861111111111 0.0560546875 0.07068055555555555
0 0.7164531249999999 0.7121805555555555 0.052171875 0.11788888888888888
0 0.0327890625 0.5469583333333333 0.0365078125 0.09299999999999999