0 0.12796875 0.11018518518518519 0.14563020833333334 0.22037037037037038
0 0.3720833333333333 0.04652777777777778 0.07145833333333333 0.09305555555555556
0 0.41726041666666663 0.12811111111111112 0.061828125 0.09788888888888889
0 0.20765104166666667 0.4427685185185185 0.205015625 0.46794444444444444
0 0.3489114583333333 0.42612037037037037 0.13342708333333334 0.3790925925925926
0 0.42963541666666666 0.5784074074074074 0.1490625 0.2855092592592593
0 0.6363854166666666 0.5177962962962963 0.048067708333333334 0.1365185185185185
0 0.5915937499999999 0.49698148148148147 0.04984895833333333 0.06711111111111112
0 0.5188125 0.5298333333333334 0.03710416666666667 0.10503703703703704
0 0.25204166666666666 0.19706481481481483 0.098 0.1524537037037037
0 0.015104166666666667 0.6038703703703703 0.030208333333333334 0.23458333333333334
0 0.07302083333333333 0.8740740740740741 0.10447916666666666 0.2518518518518518
0 0.12249479166666667 0.6927407407407407 0.08886458333333333 0.13456481481481483
0 0.29097395833333334 0.7778888888888889 0.090453125 0.19375
0 0.39682291666666664 0.861212962962963 0.08968749999999999 0.13815740740740742
0 0.38705729166666664 0.9669907407407407 0.059744791666666665 0.06600925925925927
0 0.4936875 0.944675925925926 0.08345833333333334 0.11064814814814815
0 0.63925 0.9458333333333333 0.08920833333333333 0.10833333333333334
0 0.7242708333333333 0.9238425925925926 0.10927083333333334 0.15231481481481482
0 0.84209375 0.9250833333333334 0.042890624999999995 0.09924074074074074
0 0.7493958333333333 0.7545277777777778 0.09286979166666667 0.17015740740740742
0 0.6691927083333333 0.7862407407407407 0.055364583333333335 0.08081481481481481
0 0.6801302083333333 0.693212962962963 0.04390625 0.10771296296296295
0 0.5642499999999999 0.8177037037037037 0.062875 0.12522222222222223
0 0.61034375 0.7186666666666667 0.058479166666666665 0.09381481481481481
0 0.46686979166666664 0.7656296296296297 0.07980729166666665 0.17385185185185184
0 0.4832708333333333 0.8646851851851852 0.08345312499999999 0.09418518518518518
0 0.084609375 0.5328333333333334 0.063078125 0.14345370370370372
0 0.068328125 0.6502037037037037 0.05280208333333333 0.13570370370370372
0 0.8152760416666667 0.47405555555555556 0.08090625 0.1832962962962963
0 0.9035520833333333 0.4141111111111111 0.09706250000000001 0.243962962962963
0 0.9577135416666667 0.28126851851851853 0.08457291666666666 0.30235185185185187
0 0.9676041666666666 0.11792592592592592 0.04186979166666667 0.07752777777777778