0 0.950625 0.5632870370370371 0.09874999999999999 0.15916666666666668
0 0.8969010416666666 0.9603703703703704 0.11911979166666667 0.07925925925925925
0 0.15737500000000001 0.6865925925925925 0.114828125 0.27614814814814814
0 0.03831770833333333 0.7509166666666667 0.07663020833333332 0.2581759259259259
0 0.2724739583333333 0.5111666666666667 0.12005729166666666 0.22285185185185186
0 0.35246354166666666 0.39934259259259264 0.11007291666666667 0.15021296296296296
0 0.4357916666666667 0.28603703703703703 0.07675520833333334 0.16346296296296295
0 0.2903854166666667 0.23360185185185184 0.07589583333333333 0.16646296296296295
0 0.7180572916666667 0.6225370370370371 0.09971354166666666 0.27396296296296296
0 0.4975572916666666 0.7414166666666667 0.10530208333333334 0.11912037037037038
0 0.039984374999999996 0.9256481481481482 0.05663541666666667 0.11610185185185186
0 0.143203125 0.8641944444444445 0.05682291666666666 0.16494444444444442
0 0.16372916666666668 0.9862962962962963 0.08754166666666667 0.027407407407407408
0 0.32245833333333335 0.9742592592592593 0.07158333333333333 0.05148148148148148
0 0.36912500000000004 0.8310185185185185 0.04341145833333333 0.12054629629629629