0 0.8379375 0.5507222222222222 0.14496875 0.306875
0 0.71190625 0.3731527777777778 0.14703125 0.20372222222222222
0 0.4957734375 0.26908333333333334 0.089703125 0.198875
0 0.1422890625 0.6487638888888889 0.1013671875 0.20401388888888888
0 0.027476562500000003 0.9042499999999999 0.054945312499999996 0.15941666666666668
0 0.39421875 0.7543055555555556 0.0740625 0.10027777777777779
0 0.2994296875 0.8457222222222222 0.055304687500000005 0.06549999999999999
0 0.42846093749999997 0.5895833333333333 0.0550625 0.15509722222222222
0 0.546421875 0.5583333333333333 0.0743515625 0.09259722222222222
0 0.6227109375000001 0.8480277777777778 0.062382812499999996 0.09790277777777777
0 0.4716875 0.7314305555555556 0.07277343750000001 0.09826388888888889
0 0.9316718749999999 0.30748611111111107 0.0928984375 0.14983333333333332
0 0.6849453125 0.19733333333333336 0.0472890625 0.07386111111111111
0 0.9514531249999999 0.20493055555555556 0.082078125 0.10338888888888889
0 0.8552500000000001 0.03031944444444444 0.05044531249999999 0.06065277777777778
0 0.7613749999999999 0.1623888888888889 0.048085937499999995 0.07430555555555556
0 0.5259765625 0.174625 0.0501328125 0.07518055555555556
0 0.144234375 0.48911111111111116 0.0926328125 0.11618055555555556
0 0.911359375 0.7448194444444444 0.0501953125 0.10444444444444445
0 0.1478828125 0.352125 0.0458984375 0.06441666666666666
0 0.17092968749999998 0.2894027777777778 0.05450000000000001 0.08251388888888889
0 0.42610937499999996 0.19918055555555556 0.0704453125 0.08868055555555555