0 0.54525 0.8048541666666666 0.292828125 0.39027083333333334
0 0.0704375 0.9255208333333333 0.140890625 0.14895833333333333
0 0.275875 0.9697916666666667 0.08940624999999999 0.06041666666666667
0 0.684296875 0.6265000000000001 0.11890624999999999 0.2036875
0 0.8561562500000001 0.6799999999999999 0.09809375000000001 0.14764583333333334
0 0.79834375 0.558125 0.078296875 0.1155625
0 0.71775 0.5060625 0.059984375 0.05310416666666666
0 0.19814062500000001 0.508125 0.086015625 0.14058333333333334
0 0.321953125 0.3967291666666667 0.054531249999999996 0.07747916666666667
0 0.5410781250000001 0.19331250000000003 0.09284375 0.11508333333333334
0 0.673875 0.18883333333333333 0.045984375 0.081375
0 0.5448593749999999 0.4038333333333333 0.0670625 0.06045833333333333
0 0.455546875 0.3384375 0.05298437499999999 0.06689583333333333
0 0.47689062499999996 0.1351875 0.05221875 0.06016666666666667
0 0.073015625 0.8193333333333332 0.114890625 0.13447916666666665
0 0.23784375 0.9107916666666667 0.09253125 0.07089583333333334
0 0.877890625 0.1655625 0.052140624999999996 0.051520833333333335
0 0.90146875 0.10983333333333332 0.038734375 0.07660416666666667
0 0.35359375000000004 0.7339375 0.051140624999999995 0.07483333333333334
0 0.98971875 0.22527083333333334 0.020578125 0.07097916666666666
0 0.6754374999999999 0.46027083333333335 0.04046875 0.05239583333333333