0 0.686703125 0.03958333333333333 0.126171875 0.07916666666666666
0 0.676796875 0.23245833333333332 0.151515625 0.1445625
0 0.692265625 0.4095416666666667 0.126578125 0.19108333333333333
0 0.75459375 0.5886041666666666 0.16512500000000002 0.10222916666666666
0 0.7688125 0.7279583333333334 0.11582812499999999 0.183875
0 0.59815625 0.7635416666666667 0.150484375 0.1743125
0 0.2763125 0.4412083333333333 0.0831875 0.10833333333333334
0 0.33465625 0.31649999999999995 0.09181249999999999 0.09014583333333334
0 0.204796875 0.1850625 0.1068125 0.09375
0 0.2436875 0.9105000000000001 0.093171875 0.121
0 0.745484375 0.975 0.074640625 0.05
0 0.36596875 0.6287916666666666 0.044640625 0.08685416666666666
0 0.32065625 0.7110416666666667 0.06265625 0.08179166666666667
0 0.12965625 0.618875 0.09471874999999999 0.07733333333333332
0 0.22756249999999997 0.6982083333333333 0.094875 0.10079166666666667
0 0.211671875 0.5687083333333334 0.0660625 0.07770833333333332
0 0.19059375 0.8212291666666667 0.09590625 0.100125
0 0.812546875 0.13949999999999999 0.144171875 0.1671875
0 0.6969218749999999 0.5313958333333333 0.0808125 0.05516666666666667
0 0.29943749999999997 0.6265208333333334 0.055296875 0.07870833333333334
0 0.657734375 0.8885833333333333 0.0886875 0.06814583333333334
0 0.217015625 0.45989583333333334 0.0404375 0.06493750000000001
0 0.20971875 0.39497916666666666 0.044609375 0.0670625
0 0.18056250000000001 0.9611041666666666 0.053296875 0.07777083333333333
0 0.32625000000000004 0.9671875 0.038125 0.065625
0 0.097359375 0.9776041666666667 0.0531875 0.04479166666666667