0 0.05416666666666667 0.6455092592592593 0.10833333333333334 0.29935185185185187
0 0.16038541666666667 0.543 0.16672916666666668 0.29339814814814813
0 0.09709895833333333 0.3585833333333333 0.12857291666666668 0.1884537037037037
0 0.23302604166666668 0.5531759259259259 0.07751041666666666 0.3322685185185185
0 0.4487760416666667 0.8694444444444445 0.17068229166666665 0.2611111111111111
0 0.044244791666666665 0.95625 0.08650520833333333 0.0875
0 0.49316666666666664 0.7283796296296297 0.105328125 0.14101851851851852
0 0.42702083333333335 0.6582592592592592 0.06445833333333334 0.14430555555555555
0 0.5931614583333332 0.5270462962962963 0.10326041666666666 0.17353703703703702
0 0.9168229166666666 0.7112407407407407 0.14302083333333335 0.20860185185185184
0 0.8837499999999999 0.3388981481481481 0.16541666666666668 0.2463148148148148
0 0.605140625 0.06736111111111111 0.10014062500000001 0.13472222222222222
0 0.38731770833333334 0.059444444444444446 0.07484375 0.11888888888888889
0 0.7370312499999999 0.06986111111111111 0.109796875 0.13972222222222222
0 0.98515625 0.1910462962962963 0.0296875 0.12580555555555556
0 0.5692031249999999 0.7126296296296296 0.07826041666666667 0.13266666666666665
0 0.5137395833333334 0.3826481481481481 0.058984375 0.09306481481481482
0 0.708515625 0.4661851851851852 0.054848958333333336 0.10736111111111112
0 0.9916666666666667 0.6089629629629629 0.016666666666666666 0.092
0 0.6790885416666667 0.5807314814814816 0.045989583333333334 0.10035185185185184
0 0.05231770833333334 0.8118981481481482 0.07557291666666667 0.14139814814814816