0 0.05416666666666667 0.4144351851851852 0.10833333333333334 0.38963888888888887
0 0.35227604166666665 0.5993981481481482 0.3264270833333333 0.7025
0 0.174828125 0.9281296296296296 0.11475520833333334 0.14374074074074075
0 0.48809375 0.8983796296296296 0.11808854166666666 0.20324074074074075
0 0.63378125 0.8960648148148148 0.08452083333333334 0.20787037037037037
0 0.7758333333333333 0.8115740740740741 0.19365104166666666 0.3768518518518518
0 0.948859375 0.9215277777777777 0.10228125 0.15694444444444444
0 0.8717760416666667 0.6608148148148147 0.08938541666666668 0.11699074074074074
0 0.8926145833333333 0.8536296296296296 0.07727083333333334 0.24274074074074076
0 0.9565104166666667 0.1438796296296296 0.08697916666666666 0.1483425925925926
0 0.7410572916666667 0.1424814814814815 0.06753125 0.08632407407407408
0 0.6665833333333333 0.09712962962962964 0.04358854166666667 0.06593518518518518
0 0.702 0.0349537037037037 0.05191666666666667 0.0699074074074074
0 0.675828125 0.2767037037037037 0.043848958333333334 0.09566666666666666
0 0.400984375 0.18553703703703703 0.03969270833333333 0.12060185185185185
0 0.44942187499999997 0.12625925925925927 0.04699479166666667 0.07566666666666666
0 0.07119791666666667 0.2475185185185185 0.040421875 0.07744444444444444
0 0.06533333333333333 0.18434259259259259 0.04420833333333333 0.08535185185185186
0 0.12184375 0.23182407407407407 0.0875625 0.17616666666666667
0 0.097234375 0.8353425925925926 0.08208854166666667 0.19135185185185186
0 0.18797916666666667 0.6524722222222222 0.06554166666666666 0.1743888888888889
0 0.42923958333333334 0.41135185185185186 0.058708333333333335 0.09030555555555556
0 0.447859375 0.6335092592592593 0.039703125 0.0716574074074074
0 0.009895833333333333 0.6798333333333334 0.019791666666666666 0.16903703703703704
0 0.049317708333333335 0.641175925925926 0.061656249999999996 0.08432407407407407
0 0.8808906249999999 0.16261111111111112 0.039906250000000004 0.059953703703703703
0 0.027708333333333335 0.036953703703703704 0.049265625 0.05663888888888889
0 0.39577604166666663 0.021064814814814814 0.029276041666666665 0.04212962962962963