0 0.08083333333333333 0.028009259259259258 0.09927083333333334 0.056018518518518516
0 0.23485416666666667 0.05613888888888889 0.10111979166666667 0.11227777777777778
0 0.04505208333333333 0.2685740740740741 0.09010416666666667 0.10566666666666667
0 0.011848958333333333 0.5478703703703705 0.023697916666666666 0.22443518518518518
0 0.030078125 0.7528981481481481 0.06015625 0.1993148148148148
0 0.08630208333333332 0.8121388888888889 0.10395833333333333 0.22519444444444445
0 0.155046875 0.6834537037037037 0.11230208333333333 0.3382037037037037
0 0.28654166666666664 0.6409074074074074 0.052432291666666665 0.10497222222222223
0 0.12653125 0.3236574074074074 0.026109375 0.05842592592592593
0 0.16168229166666667 0.3373055555555556 0.065171875 0.09035185185185185
0 0.082390625 0.4507314814814815 0.039260416666666666 0.11799074074074074
0 0.23563541666666668 0.6082870370370371 0.0526875 0.0813888888888889
0 0.5069791666666666 0.7548611111111111 0.39541145833333335 0.49027777777777776
0 0.350859375 0.6531759259259259 0.05400520833333333 0.0878425925925926
0 0.2888854166666667 0.7466759259259259 0.06336979166666666 0.07112037037037038
0 0.18433854166666666 0.9500833333333333 0.05632291666666667 0.07515740740740741
0 0.50540625 0.3456296296296296 0.11730729166666666 0.14402777777777778
0 0.7290833333333333 0.3604537037037037 0.039749999999999994 0.06256481481481481
0 0.7892343749999999 0.44422222222222224 0.06006770833333333 0.07269444444444445
0 0.8540781249999999 0.6899629629629629 0.08559895833333334 0.12900925925925927
0 0.9545885416666666 0.7885462962962962 0.09082291666666667 0.11321296296296296
0 0.9670885416666667 0.6848611111111111 0.065828125 0.22064814814814815
0 0.17183854166666668 0.8302037037037037 0.07090624999999999 0.08541666666666667
0 0.7164531249999999 0.519425925925926 0.031151041666666667 0.07033333333333333
0 0.0428125 0.581925925925926 0.03989583333333333 0.07317592592592592
0 0.15933854166666667 0.20401851851851852 0.04382291666666667 0.06451851851851853