0 0.3243046875 0.14198611111111112 0.075875 0.16266666666666668
0 0.24253125 0.1832222222222222 0.08349999999999999 0.153
0 0.0190078125 0.5007083333333333 0.0380234375 0.11061111111111112
0 0.1822578125 0.6742222222222222 0.091734375 0.1901111111111111
0 0.27326562499999996 0.61475 0.07378124999999999 0.1683888888888889
0 0.3979921875 0.6693749999999999 0.0482890625 0.1294861111111111
0 0.5311874999999999 0.6341944444444445 0.0501328125 0.11469444444444445
0 0.67909375 0.5455555555555556 0.10848437500000001 0.22906944444444446
0 0.815796875 0.6904166666666667 0.079859375 0.17622222222222222
0 0.9397343749999999 0.5104305555555555 0.105515625 0.1559722222222222
0 0.6535703125000001 0.28065277777777775 0.0970234375 0.14797222222222223
0 0.52584375 0.37177777777777776 0.058203125 0.099125
0 0.458921875 0.41970833333333335 0.052734375 0.059652777777777784
0 0.4942109375 0.259125 0.072 0.11231944444444444
0 0.4383515625 0.588875 0.0352734375 0.08706944444444444
0 0.18225 0.4481527777777778 0.03325 0.07593055555555556
0 0.20542968749999999 0.36230555555555555 0.0401796875 0.04775
0 0.0632578125 0.40351388888888884 0.053703125 0.06427777777777778