0 0.431703125 0.15184722222222222 0.18840625 0.30369444444444443
0 0.1980078125 0.172125 0.06215625 0.17520833333333335
0 0.0229140625 0.05038888888888889 0.045828125 0.09459722222222222
0 0.3272890625 0.16327777777777777 0.0472890625 0.09416666666666666
0 0.5663359375 0.17580555555555555 0.0579453125 0.07523611111111111
0 0.6716640625 0.2799027777777778 0.056343750000000005 0.1607361111111111
0 0.7302578125 0.41205555555555556 0.0400078125 0.07780555555555556
0 0.5651640625 0.5048472222222222 0.0681015625 0.11061111111111112
0 0.5599609375 0.6268333333333334 0.0701875 0.1222638888888889
0 0.1746953125 0.9490694444444445 0.054609375 0.10184722222222221
0 0.1993125 0.9685 0.044609375 0.06298611111111112
0 0.38171875 0.7982916666666666 0.0782265625 0.06173611111111112
0 0.17092968749999998 0.8214444444444445 0.08575 0.10804166666666667
0 0.6315703125 0.7808888888888889 0.11759375000000001 0.26918055555555553
0 0.541859375 0.8043194444444445 0.0743359375 0.1515138888888889
0 0.5708984375 0.9273194444444444 0.16080468750000002 0.145375
0 0.0547890625 0.7806805555555556 0.0367734375 0.08822222222222223
0 0.18589843749999999 0.4558055555555556 0.053203125 0.043013888888888886
0 0.056867187500000006 0.6402222222222222 0.05071875 0.09895833333333333
0 0.0723671875 0.4775694444444445 0.0406796875 0.08283333333333333
0 0.43939843749999996 0.3417222222222222 0.043609375 0.0813611111111111
0 0.8212578125000001 0.6925138888888889 0.0404375 0.10169444444444445
0 0.7530390625 0.6927777777777778 0.0543359375 0.06908333333333333