0 0.0515625 0.14490277777777777 0.103125 0.28980555555555554
0 0.1208046875 0.3157638888888889 0.0792265625 0.18154166666666668
0 0.080859375 0.881013888888889 0.16171875 0.23795833333333336
0 0.38640625 0.04513888888888889 0.110515625 0.09027777777777778
0 0.573359375 0.3942222222222222 0.0967265625 0.1578888888888889
0 0.70446875 0.3650694444444445 0.132375 0.145875
0 0.95390625 0.6753888888888888 0.0921875 0.13225
0 0.43001562499999996 0.9330972222222222 0.08346875000000001 0.13379166666666667
0 0.58859375 0.9215277777777777 0.11417187499999999 0.15694444444444444
0 0.7578515625 0.9550972222222222 0.098515625 0.08981944444444445
0 0.761890625 0.8507916666666667 0.0779453125 0.19601388888888888
0 0.951953125 0.8915277777777777 0.09609375 0.09602777777777778
0 0.015101562499999999 0.5277638888888889 0.030203124999999997 0.06848611111111111
0 0.060906249999999995 0.5631527777777778 0.0718125 0.116125
0 0.13382031249999998 0.4680277777777778 0.0488828125 0.0926388888888889
0 0.1840703125 0.5363194444444445 0.042109375 0.118
0 0.160640625 0.7169861111111111 0.10892187499999999 0.11327777777777778
0 0.5806171875 0.5895416666666667 0.055265625 0.12259722222222222
0 0.766109375 0.6335 0.06534375 0.10868055555555556
0 0.667890625 0.510638888888889 0.02015625 0.08052777777777777
0 0.87659375 0.6828055555555556 0.05475 0.0545
0 0.22925 0.5217361111111111 0.0413203125 0.08422222222222223
0 0.5307031249999999 0.34008333333333335 0.04184375 0.12266666666666666
0 0.03175 0.3222916666666667 0.0635 0.11504166666666667