0 0.0352890625 0.1014861111111111 0.0705703125 0.14869444444444443
0 0.12275 0.18618055555555557 0.08351562500000001 0.1631111111111111
0 0.23874218749999998 0.2706527777777778 0.0498671875 0.08669444444444445
0 0.2853046875 0.25816666666666666 0.0354296875 0.07095833333333333
0 0.4854765625 0.48794444444444446 0.0641875 0.17402777777777778
0 0.945484375 0.4286388888888889 0.10902343750000001 0.17577777777777778
0 0.8118828125 0.4418611111111111 0.1154375 0.3476111111111111
0 0.7060390625 0.19481944444444446 0.075078125 0.13870833333333335
0 0.7624140625 0.24727777777777776 0.0355859375 0.100125
0 0.12575 0.5156944444444445 0.0745390625 0.24805555555555556
0 0.1265234375 0.5418611111111111 0.0988828125 0.1476111111111111
0 0.2219609375 0.47197222222222224 0.026734374999999998 0.14673611111111112
0 0.40215625 0.5110972222222222 0.037125000000000005 0.10922222222222222
0 0.7738671874999999 0.9516249999999999 0.10189843750000001 0.09676388888888889
0 0.7264765625 0.5846666666666667 0.059203125 0.19155555555555553
0 0.6617656249999999 0.3966805555555556 0.0469765625 0.05634722222222222
0 0.25803125 0.6659027777777777 0.049562499999999995 0.09940277777777777
0 0.022265625 0.5121111111111112 0.0445234375 0.07894444444444446
0 0.6317265625 0.4954861111111111 0.0494765625 0.08398611111111111
0 0.6788046875 0.9693333333333333 0.059171875 0.06131944444444444
0 0.38899218750000003 0.6878333333333333 0.0394765625 0.056805555555555554
0 0.66321875 0.8936805555555556 0.06739843749999999 0.0815