0 0.7776484375 0.10315277777777777 0.07021875 0.11129166666666666
0 0.0340859375 0.22118055555555555 0.0484921875 0.10254166666666667
0 0.282171875 0.5153888888888889 0.073765625 0.10916666666666666
0 0.6431250000000001 0.5169027777777778 0.10003124999999999 0.15786111111111112
0 0.8982421875 0.5500555555555556 0.19073437499999998 0.20963888888888887
0 0.7539921875 0.3898611111111111 0.07346875 0.08641666666666667
0 0.864109375 0.7093194444444444 0.077515625 0.10225000000000001
0 0.2568125 0.8901805555555555 0.088265625 0.093875
0 0.25296093750000004 0.6219166666666667 0.0666953125 0.123
0 0.4008984375 0.4896666666666667 0.072625 0.08219444444444444
0 0.3483828125 0.48087500000000005 0.0361015625 0.09166666666666666
0 0.8527968749999999 0.46159722222222227 0.06687499999999999 0.10048611111111111
0 0.8110312499999999 0.31886111111111115 0.0452109375 0.06997222222222223
0 0.8468984374999999 0.2777638888888889 0.0438828125 0.06081944444444444
0 0.446 0.1900138888888889 0.0410390625 0.09086111111111111