0 0.065234375 0.09050925925925926 0.13046875 0.18101851851851852
0 0.198921875 0.08667592592592592 0.13131770833333334 0.17335185185185184
0 0.33953125 0.2401111111111111 0.056140625000000006 0.09966666666666667
0 0.2749583333333333 0.4317685185185185 0.07300520833333332 0.2207222222222222
0 0.05416666666666667 0.3067407407407407 0.10833333333333334 0.2329166666666667
0 0.113375 0.5439444444444445 0.0751875 0.12863888888888889
0 0.41388020833333333 0.6216759259259259 0.13630208333333332 0.3211203703703704
0 0.5103541666666667 0.5775 0.081375 0.15407407407407409
0 0.4508489583333333 0.4821666666666667 0.08346354166666667 0.1115462962962963
0 0.432234375 0.8729166666666667 0.112609375 0.25416666666666665
0 0.529625 0.8919814814814815 0.08450520833333333 0.1950648148148148
0 0.6276614583333333 0.8532407407407407 0.10977604166666667 0.2935185185185185
0 0.7311718749999999 0.9053240740740741 0.098078125 0.18935185185185185
0 0.32 0.8998518518518519 0.095203125 0.18302777777777776
0 0.20113541666666668 0.7473518518518518 0.05658854166666667 0.13267592592592592
0 0.2369375 0.758462962962963 0.034458333333333334 0.11786111111111111
0 0.14814583333333334 0.9273148148148148 0.1235 0.14537037037037037
0 0.04049479166666667 0.6728796296296297 0.08098958333333334 0.11812962962962963
0 0.041666666666666664 0.7910925925925926 0.07083333333333333 0.12292592592592591
0 0.05352604166666666 0.9244907407407408 0.04544270833333333 0.07045370370370371
0 0.028427083333333332 0.8904259259259258 0.0435625 0.07639814814814816
0 0.21643229166666667 0.8723055555555556 0.027973958333333333 0.0709537037037037
0 0.062276041666666664 0.8489537037037037 0.05294270833333334 0.05273148148148148
0 0.20413541666666665 0.6438333333333334 0.034942708333333336 0.0572962962962963
0 0.8307239583333333 0.8079722222222222 0.06268229166666667 0.17549074074074075
0 0.7280104166666667 0.7378796296296296 0.04988541666666667 0.11878703703703702
0 0.8498541666666667 0.8973240740740741 0.12691145833333334 0.12021296296296298
0 0.23627083333333332 0.5563981481481481 0.038135416666666665 0.04683333333333333
0 0.27260416666666665 0.5747685185185185 0.03490625 0.05711111111111111
0 0.29860416666666667 0.6902685185185186 0.025890625 0.08176851851851852
0 0.25296875 0.6573518518518519 0.03284375 0.07413888888888888