0 0.44890625 0.08935185185185185 0.2146875 0.1787037037037037
0 0.0984375 0.3481574074074074 0.196875 0.2463148148148148
0 0.08643229166666666 0.509925925925926 0.12713541666666667 0.18558333333333335
0 0.28172916666666664 0.5478240740740741 0.184453125 0.5206388888888889
0 0.8435208333333333 0.5427685185185186 0.16047916666666667 0.24202777777777776
0 0.922171875 0.7318425925925925 0.14055208333333333 0.20812037037037037
0 0.9587552083333333 0.578425925925926 0.08248958333333332 0.11889814814814814
0 0.932453125 0.47244444444444444 0.06530208333333333 0.10137037037037037
0 0.5058020833333333 0.18833333333333332 0.16600520833333335 0.2816666666666667
0 0.6272708333333333 0.1348240740740741 0.050666666666666665 0.0881574074074074
0 0.7861041666666666 0.9608796296296296 0.12116666666666666 0.07824074074074074
0 0.43900520833333334 0.8880462962962963 0.09907291666666666 0.1733148148148148
0 0.32560416666666664 0.8827314814814815 0.12014583333333334 0.1580462962962963
0 0.19397395833333334 0.6679722222222222 0.10476041666666666 0.17299074074074075
0 0.06872395833333332 0.2123425925925926 0.10005208333333333 0.08116666666666666
0 0.05205208333333333 0.13250925925925927 0.09577083333333333 0.09278703703703703
0 0.07796874999999999 0.08182407407407408 0.06854687500000001 0.09791666666666667
0 0.40997395833333333 0.5206203703703703 0.07641145833333333 0.13562037037037036
0 0.5855989583333333 0.47618518518518516 0.08474479166666667 0.1318888888888889
0 0.8957395833333333 0.1735 0.09185416666666667 0.1446574074074074
0 0.4913385416666667 0.5828333333333333 0.052468749999999995 0.07677777777777778
0 0.7065572916666666 0.8672592592592593 0.04280208333333334 0.08122222222222222
0 0.748875 0.8383333333333333 0.05225 0.09739814814814815
0 0.92425 0.22875925925925927 0.073890625 0.1556759259259259
0 0.5642552083333333 0.6628981481481481 0.030869791666666667 0.06099074074074075
0 0.482484375 0.3963055555555555 0.05559895833333333 0.12039814814814814
0 0.27704166666666663 0.06380555555555555 0.07925520833333333 0.09553703703703705
0 0.17404687500000002 0.2415 0.035078124999999995 0.07467592592592594
0 0.35072916666666665 0.2813333333333333 0.08291145833333333 0.10492592592592592
0 0.5587864583333333 0.8149629629629629 0.05742708333333334 0.08396296296296298
0 0.5952395833333333 0.6501944444444445 0.036598958333333334 0.0801574074074074
0 0.629875 0.6973796296296296 0.055875 0.06975925925925926
0 0.7512135416666667 0.7573240740740741 0.061802083333333334 0.046120370370370374
0 0.5902864583333333 0.4030185185185185 0.07328645833333333 0.14769444444444443
0 0.44577083333333334 0.7654166666666666 0.06029166666666667 0.08545370370370371
0 0.48144791666666664 0.9593333333333333 0.03268229166666667 0.07515740740740741
0 0.0203125 0.030324074074074073 0.040625 0.060648148148148145