0 0.134671875 0.04652083333333333 0.13065625 0.0930625
0 0.079171875 0.23647916666666668 0.158328125 0.2965
0 0.3624375 0.26579166666666665 0.18903125 0.19268749999999998
0 0.46659375000000003 0.43802083333333336 0.13348437500000002 0.26285416666666667
0 0.588453125 0.36141666666666666 0.118921875 0.15772916666666664
0 0.59453125 0.21281250000000002 0.089421875 0.109875
0 0.8939843749999999 0.34402083333333333 0.10509375000000001 0.09914583333333334
0 0.66378125 0.029166666666666667 0.0386875 0.058333333333333334
0 0.9854218749999999 0.11074999999999999 0.029171875000000003 0.09558333333333334
0 0.988890625 0.24662499999999998 0.022218750000000002 0.09102083333333333
0 0.5435 0.83125 0.267875 0.3375
0 0.29021875 0.9148958333333332 0.125125 0.13441666666666666
0 0.287953125 0.5939374999999999 0.10992187499999999 0.15452083333333333
0 0.09353125 0.5826458333333334 0.098359375 0.19675
0 0.222328125 0.40810416666666666 0.09768750000000001 0.18564583333333334
0 0.233796875 0.8029375000000001 0.06782812499999999 0.10802083333333333
0 0.78878125 0.7753541666666667 0.06643750000000001 0.10997916666666667
0 0.95503125 0.7848541666666667 0.0899375 0.1243125
0 0.7915625000000001 0.9620416666666666 0.1224375 0.07591666666666666
0 0.47317187499999996 0.6906666666666667 0.053296875 0.098
0 0.54696875 0.6013333333333333 0.08039062500000001 0.11379166666666667