0 0.14905729166666667 0.05462962962962963 0.09823958333333334 0.10925925925925926
0 0.09997395833333332 0.11496296296296296 0.10005729166666667 0.18303703703703705
0 0.032265625 0.14574074074074075 0.05202604166666667 0.18166666666666664
0 0.09372395833333333 0.24682407407407406 0.09172395833333334 0.1084537037037037
0 0.12757291666666667 0.37084259259259256 0.08652083333333334 0.17132407407407407
0 0.08056250000000001 0.48724074074074075 0.10331770833333334 0.18652777777777776
0 0.04244791666666667 0.792712962962963 0.08489583333333334 0.14930555555555555
0 0.8673541666666666 0.5862870370370371 0.10174479166666667 0.16980555555555554
0 0.485875 0.32618518518518513 0.074078125 0.1607037037037037
0 0.43483854166666663 0.7445833333333333 0.04490625 0.1086111111111111
0 0.15022395833333332 0.6906944444444445 0.056838541666666666 0.08712962962962963
0 0.11363541666666667 0.6244814814814815 0.08091666666666668 0.10451851851851851
0 0.14775520833333333 0.9701388888888889 0.09563541666666667 0.059722222222222225