0 0.428234375 0.18772916666666667 0.31784375 0.37545833333333334
0 0.723515625 0.06389583333333333 0.11964062499999999 0.12777083333333333
0 0.038375 0.5684375 0.076734375 0.3350416666666666
0 0.074828125 0.8415208333333334 0.14965625 0.21454166666666669
0 0.8762656249999999 0.8393541666666666 0.14420312500000002 0.32129166666666664
0 0.401484375 0.5745416666666666 0.07271875 0.125
0 0.530640625 0.5465416666666666 0.100515625 0.13933333333333334
0 0.3405625 0.8785624999999999 0.08695312499999999 0.1034375
0 0.497140625 0.947 0.100171875 0.10602083333333333
0 0.43603125 0.8676875000000001 0.069609375 0.09558333333333334
0 0.723328125 0.48702083333333335 0.06096875 0.15366666666666667
0 0.7616875000000001 0.5983333333333333 0.06782812499999999 0.075375
0 0.679234375 0.43220833333333336 0.05221875 0.11797916666666668