0 0.10582291666666667 0.17559259259259258 0.07570833333333334 0.21917592592592594
0 0.04635416666666667 0.3592685185185185 0.09270833333333334 0.1944722222222222
0 0.20985937500000001 0.4416481481481482 0.13028125 0.2481111111111111
0 0.28251041666666665 0.5613518518518519 0.10477083333333333 0.18377777777777776
0 0.42793749999999997 0.6348796296296296 0.10818229166666667 0.23178703703703704
0 0.6540937499999999 0.0964351851851852 0.064734375 0.10897222222222222
0 0.8199635416666666 0.18876851851851853 0.07153125 0.12337962962962963
0 0.965625 0.06273148148148149 0.06875 0.12546296296296297
0 0.9229427083333334 0.025694444444444443 0.04328645833333333 0.05138888888888889
0 0.8556354166666666 0.028009259259259258 0.0470625 0.056018518518518516
0 0.6995312499999999 0.29986111111111113 0.07020833333333334 0.1975
0 0.6509583333333333 0.3011944444444445 0.08525520833333333 0.14775925925925928
0 0.9238541666666666 0.5099351851851852 0.058130208333333336 0.09301851851851851
0 0.7216614583333333 0.572212962962963 0.06240104166666667 0.10187037037037036
0 0.7404114583333333 0.4923518518518519 0.054072916666666665 0.07637037037037038
0 0.9760416666666667 0.6539074074074074 0.04791666666666667 0.1282962962962963
0 0.38979166666666665 0.8451388888888889 0.16103645833333333 0.30972222222222223
0 0.450203125 0.9643518518518519 0.07146875 0.0712962962962963
0 0.319734375 0.9527777777777777 0.17280208333333333 0.09444444444444444
0 0.14528125 0.7709351851851852 0.11360416666666667 0.2631759259259259
0 0.06259895833333333 0.7112592592592593 0.07259375 0.11603703703703704
0 0.07692708333333333 0.5978703703703704 0.07063020833333335 0.08371296296296296
0 0.0203125 0.6538703703703703 0.040625 0.11237037037037037
0 0.03333333333333333 0.9469907407407407 0.06666666666666667 0.10601851851851851
0 0.19709375 0.9053240740740741 0.08897395833333334 0.18935185185185185
0 0.22261458333333334 0.771425925925926 0.06830729166666667 0.0882314814814815
0 0.259984375 0.8628240740740741 0.053473958333333335 0.14602777777777778
0 0.12119270833333333 0.9431296296296297 0.04459375 0.10756481481481482
0 0.7026510416666666 0.9331018518518519 0.04019791666666667 0.1337962962962963
0 0.7381979166666667 0.9782407407407407 0.047562499999999994 0.04351851851851852