0 0.1688515625 0.8590277777777777 0.18365625000000002 0.28194444444444444
0 0.9434921875000001 0.7149444444444444 0.11302343749999999 0.24193055555555557
0 0.41153125 0.9469861111111112 0.083703125 0.10601388888888888
0 0.4246796875 0.28250000000000003 0.070421875 0.12575
0 0.47806249999999995 0.03958333333333333 0.08345312499999999 0.07916666666666666
0 0.5724609375 0.052319444444444446 0.0743515625 0.104625
0 0.937921875 0.16586111111111113 0.10123437500000002 0.13679166666666667
0 0.65890625 0.40212499999999995 0.0785390625 0.11333333333333333
0 0.069765625 0.672875 0.06671875000000001 0.09961111111111111
0 0.3931796875 0.5643472222222222 0.0761484375 0.12684722222222222
0 0.6940546875 0.5639583333333333 0.0541484375 0.08302777777777778
0 0.5687109375 0.8850416666666667 0.03990625 0.08213888888888889