0 0.08671875 0.2247685185185185 0.1734375 0.449537037037037
0 0.23980729166666667 0.21510185185185185 0.117265625 0.17928703703703702
0 0.32378124999999996 0.31375000000000003 0.09775 0.24378703703703705
0 0.04895833333333333 0.38333333333333336 0.09791666666666667 0.2055648148148148
0 0.18994270833333332 0.5529259259259259 0.14668229166666666 0.429
0 0.27743229166666666 0.633462962962963 0.13836458333333335 0.36786111111111114
0 0.4798958333333333 0.6651481481481482 0.220421875 0.519175925925926
0 0.5322291666666666 0.8335648148148148 0.16261979166666668 0.33287037037037037
0 0.6107343749999999 0.5909166666666668 0.055093750000000004 0.17164814814814813
0 0.577796875 0.3032777777777778 0.08711458333333333 0.12878703703703703
0 0.7051302083333333 0.2916944444444444 0.15015104166666668 0.2445
0 0.6707552083333332 0.4363796296296297 0.07306770833333333 0.11890740740740739
0 0.8141041666666666 0.44674074074074077 0.10147395833333334 0.212
0 0.89521875 0.27614814814814814 0.08247916666666667 0.48656481481481484
0 0.9587552083333333 0.10959259259259259 0.059578125 0.1164074074074074
0 0.702 0.8193703703703703 0.06233333333333334 0.18162037037037038
0 0.7091666666666666 0.6904351851851851 0.06656770833333334 0.08364814814814815
0 0.6141145833333332 0.45531481481481484 0.07145833333333333 0.13192592592592592
0 0.9165677083333333 0.8028981481481482 0.07102604166666666 0.11412962962962964
0 0.8263437499999999 0.7228333333333333 0.040546874999999996 0.09288888888888888
0 0.8905260416666666 0.9209166666666667 0.04355208333333334 0.11868518518518519
0 0.083953125 0.7291111111111112 0.031968750000000004 0.09362962962962963
0 0.11728645833333333 0.6677592592592592 0.03678125 0.0845925925925926
0 0.042942708333333336 0.6337685185185186 0.05057291666666666 0.09912962962962964
0 0.019401041666666667 0.8316018518518519 0.038802083333333334 0.07893518518518519
0 0.10257291666666667 0.8186388888888889 0.042770833333333334 0.09005555555555556