0 0.6426458333333334 0.4001481481481482 0.29596354166666666 0.7345555555555556
0 0.3102395833333333 0.07314814814814814 0.124828125 0.14629629629629629
0 0.065984375 0.2632962962962963 0.10540104166666667 0.20580555555555557
0 0.296046875 0.4173981481481482 0.04644791666666667 0.07353703703703704
0 0.7952291666666667 0.5976851851851852 0.11579687500000001 0.20833333333333334
0 0.9087604166666666 0.6205925925925926 0.1283125 0.21343518518518517
0 0.8139739583333333 0.2898703703703704 0.07830208333333334 0.22725925925925924
0 0.9799479166666667 0.6557037037037037 0.04010416666666667 0.2456574074074074
0 0.883234375 0.4844814814814815 0.09146354166666668 0.0884074074074074
0 0.115203125 0.7443425925925926 0.07219791666666667 0.1683148148148148
0 0.408015625 0.49260185185185185 0.051671875 0.07589814814814815
0 0.07471354166666666 0.981712962962963 0.051619791666666665 0.03657407407407407
0 0.39069791666666664 0.9315740740740741 0.030875 0.056657407407407406
0 0.36882291666666667 0.8616851851851852 0.028796875 0.05577777777777778
0 0.393171875 0.886 0.026151041666666666 0.04837037037037037