0 0.10104166666666667 0.3885092592592592 0.20208333333333334 0.3303888888888889
0 0.42077604166666666 0.056861111111111105 0.05219791666666666 0.1001574074074074
0 0.4483802083333333 0.015277777777777777 0.05948958333333333 0.030555555555555555
0 0.45566666666666666 0.1880740740740741 0.03841666666666667 0.11087962962962963
0 0.48978125 0.10777777777777778 0.07564583333333334 0.10944444444444444
0 0.5628229166666666 0.10218518518518518 0.078 0.12012037037037036
0 0.7540781249999999 0.16628703703703704 0.08315625 0.11405555555555556
0 0.8139739583333333 0.14664814814814814 0.047052083333333335 0.06874074074074074
0 0.8094166666666667 0.3426574074074074 0.090015625 0.11653703703703704
0 0.9179999999999999 0.6055092592592592 0.055140625000000006 0.09435185185185185
0 0.7083854166666667 0.5208148148148148 0.062921875 0.06385185185185184
0 0.6375624999999999 0.7755555555555556 0.2045625 0.32796296296296296
0 0.5190677083333334 0.6101944444444445 0.17823958333333334 0.2666574074074074
0 0.254 0.9226851851851852 0.258140625 0.15462962962962962
0 0.5867760416666666 0.366 0.03240625 0.09218518518518519
0 0.608390625 0.3370740740740741 0.04415625 0.11302777777777777
0 0.7999114583333333 0.8063703703703704 0.04392708333333333 0.12569444444444444