0 0.0584375 0.6880648148148149 0.116875 0.13465740740740742
0 0.262046875 0.7550833333333333 0.10076041666666667 0.1575740740740741
0 0.01 0.9354074074074075 0.02 0.11080555555555556
0 0.04092708333333333 0.4076018518518518 0.07689583333333333 0.11816666666666667
0 0.13477083333333334 0.6316388888888889 0.06628645833333333 0.10782407407407407
0 0.25090625 0.5609166666666666 0.04305729166666667 0.06409259259259259
0 0.082796875 0.24843518518518518 0.06398958333333334 0.12610185185185185
0 0.18372916666666667 0.07312037037037036 0.08921354166666666 0.13969444444444445
0 0.10269270833333333 0.09718518518518518 0.12211458333333333 0.1582222222222222
0 0.05925520833333333 0.08940740740740741 0.040234375 0.13674074074074075
0 0.5803645833333333 0.740925925925926 0.19593229166666667 0.5181481481481481
0 0.20966145833333333 0.20455555555555555 0.089421875 0.1508796296296296
0 0.4443229166666667 0.6450833333333333 0.11114583333333333 0.3449907407407407
0 0.4886979166666666 0.4583240740740741 0.07072395833333332 0.13812962962962963
0 0.7510781249999999 0.6954074074074074 0.15242708333333335 0.5789537037037037
0 0.9725 0.4335 0.055 0.22923148148148148
0 0.6146197916666666 0.19802777777777777 0.11216145833333332 0.20271296296296296
0 0.697125 0.382962962962963 0.09783854166666667 0.2059351851851852
0 0.7774270833333333 0.39372222222222225 0.06847916666666666 0.07189814814814816
0 0.46797395833333333 0.0844074074074074 0.047802083333333335 0.10600925925925926
0 0.4032864583333333 0.08881481481481482 0.04990625 0.08060185185185186
0 0.9128281250000001 0.32691666666666663 0.06898958333333334 0.07283333333333333
0 0.9313645833333334 0.8656574074074074 0.12689583333333332 0.1731388888888889
0 0.94115625 0.6614444444444445 0.083984375 0.08155555555555555
0 0.5457760416666667 0.31599999999999995 0.05988541666666667 0.09837037037037037
0 0.3720416666666667 0.020555555555555556 0.037578125000000004 0.04111111111111111
0 0.31006770833333336 0.6230925925925926 0.04471354166666666 0.13432407407407407
0 0.31694791666666666 0.8660092592592592 0.07902604166666666 0.07612962962962963
0 0.9476197916666667 0.2735740740740741 0.05106770833333333 0.08714814814814816