0 0.107265625 0.051152777777777776 0.08547656249999999 0.10231944444444445
0 0.3026875 0.2554166666666667 0.0930625 0.08269444444444445
0 0.54525 0.14722222222222223 0.11574999999999999 0.29444444444444445
0 0.35750000000000004 0.255625 0.038125 0.07975
0 0.5041015625 0.45301388888888894 0.0522109375 0.08102777777777778
0 0.33628125 0.5605972222222222 0.1248359375 0.2174861111111111
0 0.3267734375 0.5585138888888889 0.09957031250000001 0.21794444444444444
0 0.319875 0.40765277777777775 0.0795234375 0.11993055555555555
0 0.8042109375000001 0.1374027777777778 0.0483515625 0.1057638888888889
0 0.94625 0.24193055555555557 0.10291406249999999 0.34402777777777777
0 0.075 0.8868055555555555 0.15 0.2263888888888889
0 0.3186953125 0.8972222222222223 0.0769765625 0.20555555555555555
0 0.2572421875 0.8101111111111111 0.0478203125 0.12608333333333333
0 0.7144999999999999 0.44956944444444447 0.056078125 0.13418055555555555
0 0.7790781250000001 0.3780277777777778 0.06023437499999999 0.13474999999999998
0 0.8831171875000001 0.518 0.18741406249999998 0.28045833333333337
0 0.822828125 0.3842777777777778 0.0710078125 0.11484722222222223
0 0.891578125 0.8244861111111111 0.1939296875 0.34731944444444446
0 0.765015625 0.9365694444444445 0.0841953125 0.12684722222222222
0 0.592765625 0.9172222222222222 0.054570312499999996 0.0927638888888889
0 0.6175078125 0.8422361111111111 0.07279687500000001 0.09095833333333332
0 0.43353906249999996 0.7043194444444445 0.08396875000000001 0.12993055555555555
0 0.455796875 0.9574027777777778 0.057671875 0.08518055555555555
0 0.5155624999999999 0.9547083333333333 0.060546875 0.08441666666666667
0 0.054531249999999996 0.5780000000000001 0.0633359375 0.07641666666666667