0 0.0731875 0.22008333333333333 0.13444791666666667 0.2683611111111111
0 0.3526927083333333 0.39975925925925926 0.14202604166666666 0.16328703703703704
0 0.37218229166666666 0.23027777777777778 0.11438020833333334 0.20104629629629628
0 0.526390625 0.417787037037037 0.16769791666666667 0.4010277777777778
0 0.63425 0.4817777777777778 0.06171875 0.12244444444444445
0 0.7545416666666667 0.13430555555555557 0.21653125 0.26108333333333333
0 0.8359791666666666 0.5423796296296296 0.149984375 0.3800277777777778
0 0.8116770833333333 0.7965185185185185 0.10749479166666666 0.18814814814814815
0 0.7125833333333333 0.9387407407407408 0.10194270833333333 0.12251851851851851
0 0.6195937499999999 0.8516574074074074 0.11613020833333333 0.2756018518518518
0 0.27801041666666665 0.961574074074074 0.12292708333333334 0.07685185185185185
0 0.12893229166666667 0.9296666666666666 0.04339583333333333 0.10437037037037036
0 0.1579375 0.9501574074074075 0.059125 0.09968518518518518
0 0.021510416666666664 0.937787037037037 0.04302083333333333 0.12441666666666668
0 0.4801458333333333 0.8408333333333333 0.11653645833333333 0.19687037037037036
0 0.412625 0.6164074074074074 0.039286458333333336 0.08287962962962964
0 0.5285208333333333 0.6110833333333333 0.042046875000000004 0.0874537037037037
0 0.6272916666666667 0.5895833333333333 0.044812500000000005 0.10914814814814815
0 0.9277916666666666 0.493712962962963 0.056255208333333334 0.22180555555555556
0 0.9677916666666667 0.7628611111111111 0.06441666666666666 0.1246388888888889
0 0.968328125 0.6493148148148148 0.06334375 0.09922222222222223
0 0.8977239583333334 0.2597685185185185 0.11425 0.18771296296296294
0 0.7965885416666667 0.3474537037037037 0.062338541666666664 0.13098148148148148
0 0.814359375 0.28678703703703706 0.069078125 0.1275925925925926
0 0.5722968749999999 0.06219444444444445 0.08830208333333332 0.10469444444444444
0 0.4811197916666667 0.15287962962962964 0.08742708333333334 0.1185462962962963
0 0.31803125 0.6071203703703704 0.05572916666666667 0.11453703703703703
0 0.337078125 0.7904814814814815 0.07328124999999999 0.1435648148148148
0 0.4361770833333333 0.7163981481481482 0.047098958333333336 0.07223148148148148
0 0.446125 0.6535277777777777 0.04140625 0.08261111111111111
0 0.6499843750000001 0.6964814814814815 0.04679166666666667 0.08701851851851852
0 0.08067708333333333 0.9380370370370371 0.055260416666666666 0.1058888888888889
0 0.20865625000000002 0.9186388888888889 0.06371875 0.10513888888888889
0 0.28443229166666667 0.8111666666666666 0.08440104166666668 0.15275925925925926
0 0.19444270833333333 0.4157962962962963 0.03582291666666667 0.052
0 0.18907291666666665 0.37143518518518515 0.05665625 0.07999074074074074
0 0.38366666666666666 0.9570277777777777 0.03984895833333334 0.07988888888888888
0 0.3736770833333333 0.8936296296296297 0.03509375 0.044425925925925924
0 0.11938020833333333 0.4666666666666667 0.04429166666666667 0.12753703703703703
0 0.2770208333333333 0.5769166666666667 0.05334375 0.118
0 0.6805833333333333 0.6235925925925926 0.047697916666666666 0.04899074074074074
0 0.5056458333333333 0.7135555555555555 0.04326041666666667 0.05525
0 0.257890625 0.7424444444444445 0.056817708333333335 0.07694444444444444
0 0.3675833333333333 0.6769999999999999 0.030734374999999998 0.09152777777777778
0 0.031947916666666666 0.5701388888888889 0.059708333333333335 0.08077777777777777
0 0.37471875000000004 0.5057222222222222 0.03168229166666667 0.06356481481481482