0 0.110359375 0.28245833333333337 0.08204687499999999 0.07789583333333333
0 0.3700625 0.33637500000000004 0.1043125 0.12552083333333333
0 0.48949999999999994 0.2725 0.059890624999999996 0.09039583333333333
0 0.589140625 0.3747916666666667 0.075875 0.082
0 0.77228125 0.4155208333333333 0.08553125 0.10789583333333333
0 0.8689843749999999 0.399125 0.085640625 0.11470833333333334
0 0.9292187500000001 0.4252708333333333 0.04503125 0.0670625
0 0.802140625 0.6223958333333334 0.0630625 0.06795833333333333
0 0.680453125 0.7788541666666667 0.10853125 0.10060416666666666
0 0.57646875 0.7207916666666667 0.11056250000000001 0.16583333333333333
0 0.48029687499999996 0.8972291666666667 0.16128125 0.2055625
0 0.047921875 0.9793958333333334 0.095828125 0.04120833333333333
0 0.331703125 0.7871666666666666 0.08034375 0.13820833333333335
0 0.37909375 0.568 0.058484375 0.21377083333333333
0 0.083109375 0.5962708333333333 0.07753125 0.07225
0 0.2265 0.40950000000000003 0.061578125 0.105125
0 0.13953125 0.6846458333333333 0.09315625 0.09522916666666667
0 0.623 0.930875 0.060265625 0.1246875
0 0.78878125 0.9527708333333333 0.10021875 0.0944375
0 0.880609375 0.9470624999999999 0.07279687500000001 0.09229166666666666
0 0.9554375 0.9805625 0.086359375 0.03889583333333334