0 0.49264843750000004 0.10338888888888889 0.1063671875 0.19691666666666666
0 0.1756171875 0.21052777777777779 0.0555390625 0.10765277777777779
0 0.1174140625 0.13901388888888888 0.039125 0.079375
0 0.032265625 0.11795833333333335 0.058382812500000006 0.08908333333333333
0 0.015101562499999999 0.05616666666666666 0.0302109375 0.05063888888888889
0 0.2218359375 0.14984722222222221 0.043828125 0.1691388888888889
0 0.265578125 0.33918055555555554 0.0605 0.09108333333333334
0 0.3314609375 0.3262222222222222 0.058953124999999995 0.09847222222222222
0 0.557875 0.12444444444444444 0.031890625 0.08725
0 0.8725625000000001 0.893375 0.1017421875 0.13304166666666667
0 0.4512421875 0.7679583333333333 0.069390625 0.11368055555555555
0 0.5193359375 0.7936388888888888 0.066015625 0.15115277777777777
0 0.5761015625 0.021069444444444443 0.057921875 0.042124999999999996
0 0.2903203125 0.015277777777777777 0.057906250000000006 0.030555555555555555
0 0.170671875 0.4465277777777778 0.08106250000000001 0.08658333333333333
0 0.9040703125 0.44655555555555554 0.0439453125 0.09854166666666667
0 0.6865078125 0.634 0.044164062500000004 0.06626388888888889
0 0.8824609375 0.23433333333333334 0.040296874999999996 0.07420833333333333