0 0.21102083333333335 0.583574074074074 0.12985416666666666 0.23192592592592592
0 0.4839791666666667 0.2748055555555556 0.07681249999999999 0.2338611111111111
0 0.862921875 0.15591666666666665 0.061265625 0.16131481481481483
0 0.7736041666666666 0.7679259259259259 0.11699999999999999 0.2803055555555556
0 0.642625 0.8452314814814815 0.120671875 0.18491666666666667
0 0.5155520833333334 0.9203703703703704 0.11652604166666666 0.15925925925925927
0 0.448953125 0.7176388888888888 0.095296875 0.15825
0 0.38165104166666663 0.4901018518518518 0.09619791666666666 0.19674074074074074
0 0.5827395833333333 0.4306111111111111 0.08422395833333333 0.11108333333333333
0 0.6290937499999999 0.5929444444444444 0.08347916666666667 0.13911111111111113
0 0.80928125 0.5657037037037037 0.120640625 0.10733333333333334
0 0.8499114583333333 0.6488981481481481 0.10017708333333333 0.15683333333333332
0 0.8833697916666666 0.5154907407407407 0.10877604166666667 0.11892592592592592
0 0.884015625 0.8635277777777778 0.05657291666666667 0.0965
0 0.9342708333333333 0.981712962962963 0.06854166666666667 0.03657407407407407
0 0.7048645833333332 0.9503333333333333 0.052437500000000005 0.09562037037037037
0 0.34826562499999997 0.9416203703703704 0.08839583333333333 0.11675925925925926
0 0.3715572916666667 0.6733425925925927 0.07332291666666667 0.10794444444444444
0 0.04177083333333333 0.7105925925925927 0.041979166666666665 0.07511111111111111
0 0.13783333333333334 0.6949814814814815 0.04504166666666667 0.1025462962962963
0 0.1782760416666667 0.8187685185185185 0.061234374999999994 0.1289722222222222
0 0.04394270833333334 0.8968703703703704 0.06847916666666666 0.11146296296296296
0 0.16551041666666666 0.9693333333333334 0.06044791666666667 0.06132407407407408
0 0.09973958333333334 0.8516944444444445 0.05684375 0.10600925925925926
0 0.020552083333333335 0.8537222222222222 0.04109895833333333 0.06949074074074074
0 0.435890625 0.8224722222222222 0.03034375 0.08436111111111111
0 0.4400729166666667 0.9746111111111111 0.046322916666666665 0.05077777777777778
0 0.5614791666666666 0.6005648148148148 0.059484375 0.07369444444444445
0 0.629734375 0.72525 0.047697916666666666 0.11647222222222223
0 0.5553020833333334 0.7378981481481481 0.08492708333333333 0.21224074074074073
0 0.7014270833333334 0.5029814814814815 0.029119791666666665 0.05026851851851852
0 0.7570520833333333 0.5101296296296297 0.03261979166666667 0.04025925925925926
0 0.8176875 0.4789629629629629 0.021895833333333333 0.04413888888888889
0 0.93621875 0.6091203703703704 0.031588541666666664 0.052111111111111115
0 0.981890625 0.672675925925926 0.03621875 0.061120370370370374
0 0.9927291666666667 0.7254814814814815 0.014536458333333334 0.050638888888888886
0 0.96721875 0.974648148148148 0.045890625 0.0507037037037037
0 0.8509166666666667 0.9635648148148149 0.08080208333333333 0.07287037037037038
0 0.4531145833333333 0.5987407407407407 0.047338541666666664 0.0915925925925926
0 0.07902083333333333 0.7472037037037037 0.038427083333333334 0.07649074074074073
0 0.5649427083333334 0.9891944444444444 0.06909895833333332 0.02160185185185185