0 0.419859375 0.3696666666666667 0.14127604166666666 0.3032222222222222
0 0.258671875 0.37499074074074074 0.17828125 0.3370092592592593
0 0.5477135416666666 0.6027037037037036 0.131359375 0.2554166666666667
0 0.22598958333333333 0.1136574074074074 0.17281770833333335 0.2273148148148148
0 0.43561979166666664 0.8045092592592593 0.06938541666666667 0.17753703703703705
0 0.148015625 0.6432037037037037 0.10032291666666666 0.2669537037037037
0 0.041796875 0.5761018518518519 0.08359375 0.21609259259259259
0 0.23745833333333335 0.8267222222222222 0.07508333333333334 0.1664074074074074
0 0.6425468750000001 0.7615555555555555 0.06577604166666667 0.1146574074074074
0 0.09236979166666666 0.4420555555555556 0.0925 0.109
0 0.5525625000000001 0.8837962962962963 0.06289583333333333 0.12582407407407406