0 0.955859375 0.44534722222222217 0.08828125 0.29254166666666664
0 0.9291640624999999 0.8093472222222222 0.14166406250000002 0.27518055555555554
0 0.6556640625 0.8300972222222222 0.2386796875 0.33981944444444445
0 0.4501953125 0.7540416666666666 0.1785078125 0.27105555555555555
0 0.1673046875 0.9470555555555555 0.1493203125 0.10588888888888888
0 0.4417265625 0.9388888888888889 0.1850234375 0.12222222222222222
0 0.9446875 0.03843055555555556 0.110203125 0.07684722222222222
0 0.2651953125 0.07198611111111111 0.0743046875 0.14397222222222222
0 0.5288359375 0.19845833333333332 0.085796875 0.12745833333333334
0 0.77959375 0.5721805555555556 0.082109375 0.15731944444444443
0 0.16403125000000002 0.23402777777777778 0.07082812499999999 0.13245833333333334
0 0.7819375 0.20775000000000002 0.05034375 0.15023611111111113
0 0.780453125 0.08734722222222223 0.04996875 0.0855