0 0.12057031250000001 0.8659722222222223 0.2411484375 0.26805555555555555
0 0.38171875 0.7988472222222222 0.17196875 0.40231944444444445
0 0.653703125 0.5483333333333333 0.088953125 0.21611111111111111
0 0.5930234375000001 0.6284027777777778 0.096984375 0.14477777777777778
0 0.9447890624999999 0.6950277777777778 0.11041406250000001 0.31505555555555553
0 0.8219140625 0.3995416666666667 0.0650234375 0.13243055555555555
0 0.7599375 0.37155555555555553 0.043140625 0.10329166666666667
0 0.768140625 0.22854166666666667 0.034546875 0.06727777777777777
0 0.8963906250000001 0.3641805555555555 0.0827421875 0.11515277777777777
0 0.8694375000000001 0.29334722222222226 0.0455 0.06723611111111111
0 0.9890625 0.35141666666666665 0.021875 0.11394444444444446
0 0.7052578125 0.6920416666666667 0.06917187500000001 0.18408333333333332
0 0.736375 0.5728888888888889 0.046 0.07076388888888889
0 0.5949765625000001 0.8121805555555556 0.040999999999999995 0.05248611111111111
0 0.6320859375000001 0.7695833333333334 0.043640625 0.06601388888888889
0 0.12809375 0.34631944444444446 0.0750625 0.18706944444444445
0 0.05621875 0.5095 0.041609375 0.10229166666666667
0 0.0209609375 0.7096388888888889 0.0419296875 0.07113888888888889
0 0.20113281249999998 0.6517916666666667 0.077421875 0.11283333333333333
0 0.14553125 0.5773055555555556 0.07960937500000001 0.11945833333333335
0 0.19384375 0.5178472222222222 0.092 0.15968055555555555
0 0.284203125 0.48080555555555554 0.062328125 0.08561111111111111
0 0.267796875 0.3303611111111111 0.12117968750000001 0.14126388888888888
0 0.353203125 0.2222916666666667 0.07535937499999999 0.06866666666666667
0 0.45540624999999996 0.313 0.084765625 0.10193055555555555
0 0.4961640625 0.05591666666666666 0.044656249999999995 0.083125
0 0.6741328125 0.052319444444444446 0.0638984375 0.104625
0 0.512953125 0.7332500000000001 0.0345078125 0.07205555555555555
0 0.280296875 0.8149305555555556 0.044101562500000004 0.11968055555555555
0 0.44915625 0.9172083333333333 0.0423046875 0.11127777777777778