0 0.892703125 0.5680625 0.214578125 0.24302083333333335
0 0.336921875 0.30197916666666663 0.09259375 0.1050625
0 0.95846875 0.06091666666666666 0.083078125 0.12185416666666667
0 0.343171875 0.0296875 0.053015625 0.059375
0 0.1365625 0.16279166666666667 0.050328125 0.0570625
0 0.08746875 0.06941666666666667 0.04159375 0.0563125
0 0.7441875 0.8377291666666667 0.063359375 0.09489583333333333
0 0.529875 0.8687916666666666 0.046218749999999996 0.07718749999999999
0 0.562296875 0.802875 0.045953125 0.0685625
0 0.63234375 0.919125 0.048328125 0.05979166666666667
0 0.7880625 0.7540833333333333 0.054765625 0.059541666666666666
0 0.7693125000000001 0.06820833333333334 0.0589375 0.07610416666666667
0 0.7043437499999999 0.19229166666666667 0.040984375 0.11608333333333333
0 0.557875 0.17041666666666666 0.041015625 0.0695625
0 0.6172500000000001 0.10864583333333333 0.057703125 0.08202083333333333
0 0.27703125 0.7183125 0.05615625 0.10608333333333334
0 0.6348125 0.7368958333333333 0.052968749999999995 0.063375
0 0.306328125 0.41618750000000004 0.07046875 0.06416666666666666
0 0.099453125 0.9451666666666667 0.06984375000000001 0.07712500000000001
0 0.43860937499999997 0.7785624999999999 0.032953125 0.03558333333333333
0 0.725171875 0.6863958333333334 0.0305625 0.042229166666666665
0 0.474421875 0.5432083333333334 0.03425 0.051000000000000004
0 0.829078125 0.12458333333333332 0.045640625000000004 0.03320833333333333