0 0.8946979166666666 0.07662037037037037 0.1251875 0.15324074074074073
0 0.77153125 0.40299074074074076 0.10589583333333333 0.2958055555555556
0 0.490046875 0.09976851851851852 0.12199479166666666 0.19953703703703704
0 0.132265625 0.3866574074074074 0.20213541666666668 0.2970648148148148
0 0.17703645833333334 0.22158333333333333 0.147828125 0.21075925925925926
0 0.37221875 0.8291203703703705 0.15712500000000001 0.3417685185185185
0 0.13213020833333333 0.9527777777777777 0.11646875 0.09444444444444444
0 0.41660416666666666 0.1341574074074074 0.07904166666666666 0.11037962962962962
0 0.44226041666666666 0.49374074074074076 0.06391666666666666 0.06988888888888889
0 0.8650052083333333 0.7082407407407407 0.07584375 0.15167592592592594
0 0.49485416666666665 0.9215277777777777 0.07252083333333334 0.15694444444444444
0 0.015755208333333333 0.3914537037037037 0.031510416666666666 0.11530555555555555
0 0.23277083333333334 0.6316574074074075 0.042791666666666665 0.06795370370370371
0 0.049578125 0.20587037037037037 0.05696875 0.06821296296296296
0 0.6707552083333332 0.95625 0.05223958333333333 0.0875
0 0.022395833333333334 0.9149074074074074 0.04479166666666667 0.06037037037037037