0 0.280046875 0.15515277777777778 0.456046875 0.31030555555555556
0 0.5343125 0.17434722222222224 0.1480390625 0.3385277777777778
0 0.37415625 0.3011666666666667 0.1722734375 0.3699166666666666
0 0.0717421875 0.6931944444444444 0.14349218749999998 0.20027777777777775
0 0.537703125 0.7895833333333333 0.20897656250000002 0.42083333333333334
0 0.013804687500000001 0.8494027777777778 0.0276015625 0.12844444444444444
0 0.23185937499999998 0.9597222222222223 0.06804687499999999 0.08055555555555556
0 0.33328125000000003 0.6010972222222223 0.060515624999999997 0.17350000000000002
0 0.2853671875 0.6279583333333333 0.0623984375 0.09756944444444444
0 0.38640625 0.538375 0.058437499999999996 0.21009722222222224
0 0.23146874999999997 0.5552916666666666 0.061015625 0.10965277777777778
0 0.59315625 0.5409444444444444 0.040765625 0.10873611111111112
0 0.625578125 0.47081944444444446 0.0618671875 0.1120138888888889
0 0.6848203125000001 0.6027222222222222 0.086609375 0.14433333333333334
0 0.8647500000000001 0.557375 0.0861171875 0.12770833333333334
0 0.9532890625 0.5411527777777778 0.07571875 0.25266666666666665
0 0.9759375 0.7585138888888889 0.048125 0.1783472222222222
0 0.7451015625 0.35856944444444444 0.04678125 0.2625
0 0.7005703125 0.42963888888888885 0.03603125 0.07594444444444444
0 0.9894765624999999 0.17625000000000002 0.0210390625 0.08304166666666667
0 0.88909375 0.27019444444444446 0.045242187499999996 0.09501388888888888
0 0.8587578125 0.3903055555555555 0.0408125 0.08059722222222222
0 0.5294921875 0.5342222222222222 0.092578125 0.174
0 0.2412265625 0.4030138888888889 0.07568749999999999 0.20323611111111112
0 0.479890625 0.4178333333333333 0.0746015625 0.12177777777777779
0 0.631046875 0.2301527777777778 0.04571875 0.11216666666666668