0 0.07109375 0.35450000000000004 0.1421875 0.366
0 0.3336770833333333 0.18996296296296297 0.171703125 0.3108240740740741
0 0.46556770833333333 0.10732407407407407 0.10844791666666667 0.19367592592592592
0 0.42207812499999997 0.2704722222222222 0.08604687500000001 0.18683333333333332
0 0.44211979166666665 0.015277777777777777 0.14673958333333334 0.030555555555555555
0 0.6922395833333332 0.544675925925926 0.022296875 0.06899074074074074
0 0.24905208333333334 0.6502222222222223 0.13783854166666665 0.26528703703703704
0 0.16038020833333333 0.5824074074074074 0.06256770833333333 0.15555555555555556
0 0.14006770833333335 0.48425 0.05305208333333333 0.07405555555555556
0 0.081484375 0.8167777777777778 0.07974479166666668 0.16039814814814815
0 0.03590625 0.9481481481481482 0.07181770833333333 0.1037037037037037
0 0.18850520833333334 0.8778703703703704 0.07923958333333332 0.11593518518518518
0 0.3681770833333333 0.8686296296296296 0.0428125 0.06039814814814815
0 0.424421875 0.95625 0.055322916666666666 0.0875
0 0.8418281249999999 0.8102962962962963 0.10761458333333333 0.16596296296296298
0 0.971484375 0.9236851851851853 0.05703125 0.14275
0 0.8966458333333333 0.7899351851851851 0.07922395833333334 0.1622685185185185
0 0.9681302083333333 0.8364537037037038 0.06374479166666666 0.10253703703703704
0 0.8712552083333333 0.6591851851851851 0.07792708333333334 0.12763888888888889
0 0.5922499999999999 0.919212962962963 0.086859375 0.16157407407407406
0 0.6349531249999999 0.9747685185185185 0.07436458333333333 0.050462962962962966