0 0.022916666666666665 0.1378611111111111 0.04583333333333333 0.09558333333333334
0 0.021614583333333333 0.6668148148148147 0.043229166666666666 0.1938148148148148
0 0.5865208333333333 0.20419444444444446 0.17122395833333334 0.39358333333333334
0 0.7363802083333333 0.13564814814814816 0.16057291666666668 0.2712962962962963
0 0.8480885416666666 0.2544444444444445 0.09861458333333334 0.1746388888888889
0 0.9786458333333333 0.39423148148148146 0.042708333333333334 0.06532407407407408
0 0.9686458333333333 0.6071574074074074 0.053953125000000005 0.08290740740740742
0 0.8519947916666666 0.7999259259259259 0.10642708333333334 0.1464351851851852
0 0.7086354166666666 0.590925925925926 0.09904687499999999 0.09760185185185184
0 0.72453125 0.8636574074074074 0.19728645833333333 0.2726851851851852
0 0.368046875 0.9026296296296297 0.07171875 0.13303703703703704
0 0.49472916666666666 0.866537037037037 0.07095833333333333 0.11639814814814814
0 0.45049479166666667 0.5766111111111111 0.055260416666666666 0.10696296296296295
0 0.45528124999999997 0.7325462962962963 0.05871354166666667 0.10306481481481482
0 0.3056770833333333 0.6633888888888889 0.06135416666666667 0.09544444444444444
0 0.07952083333333333 0.8158333333333333 0.05290104166666666 0.06378703703703703
0 0.5954999999999999 0.735787037037037 0.052453124999999996 0.10028703703703704
0 0.5395104166666667 0.6781759259259259 0.049859375000000004 0.06375925925925927
0 0.23277083333333334 0.3382314814814815 0.042791666666666665 0.05517592592592593
0 0.26571354166666666 0.407212962962963 0.042015625 0.07537962962962963
0 0.9071927083333333 0.9493796296296295 0.06646354166666667 0.0876574074074074
0 0.069078125 0.8814537037037037 0.053453125 0.07260185185185185
0 0.4896875 0.6208333333333333 0.038838541666666664 0.08839814814814814