0 0.3396770833333333 0.7155092592592592 0.3315885416666667 0.5689814814814815
0 0.6384739583333333 0.8127314814814814 0.24180208333333333 0.37453703703703706
0 0.4525416666666667 0.9840277777777777 0.08424479166666667 0.03194444444444444
0 0.796265625 0.658037037037037 0.08246354166666667 0.11144444444444444
0 0.6119114583333333 0.5862962962962963 0.10743229166666667 0.12537037037037038
0 0.7756979166666667 0.45925 0.06631770833333334 0.1166574074074074
0 0.97734375 0.6156851851851852 0.0453125 0.1147037037037037
0 0.959796875 0.7094351851851852 0.05749479166666667 0.05427777777777777
0 0.9571927083333333 0.8889907407407408 0.031453125 0.04557407407407407
0 0.991796875 0.19547222222222224 0.01640625 0.12197222222222222
0 0.8880572916666666 0.2996111111111111 0.08898958333333334 0.08225925925925927
0 0.682734375 0.3657685185185185 0.04911458333333333 0.11486111111111111
0 0.2671458333333333 0.4395925925925926 0.04696354166666667 0.08195370370370371
0 0.20894270833333334 0.05084259259259259 0.05138020833333334 0.08441666666666667