0 0.4691953125 0.17731944444444445 0.2842265625 0.354625
0 0.667109375 0.04190277777777778 0.0699453125 0.08379166666666667
0 0.9218984375 0.14606944444444445 0.09328125000000001 0.292125
0 0.936328125 0.9469861111111112 0.12734375 0.10601388888888888
0 0.7323984375 0.47272222222222227 0.10774999999999998 0.14345833333333335
0 0.7492656249999999 0.36275 0.09053125 0.1505
0 0.6779140625 0.6166527777777778 0.08967968750000001 0.1611388888888889
0 0.4768828125 0.4282361111111111 0.11471093750000001 0.1564722222222222
0 0.7829843750000001 0.9423611111111111 0.05242187499999999 0.11527777777777778
0 0.333546875 0.7835 0.0547890625 0.12837500000000002
0 0.068203125 0.19849999999999998 0.10109375000000001 0.13172222222222224
0 0.0346328125 0.2200138888888889 0.069265625 0.09331944444444444
0 0.3434375 0.33040277777777777 0.0587421875 0.13643055555555555
0 0.8243828125 0.2734722222222222 0.0571015625 0.14843055555555557
0 0.727 0.2556666666666667 0.0664765625 0.07520833333333334
0 0.46490625 0.7580277777777777 0.049093750000000005 0.07745833333333334
0 0.2452734375 0.5863055555555555 0.10112499999999999 0.1068611111111111
0 0.6227109375000001 0.8573055555555555 0.031359375 0.08723611111111111