0 0.116640625 0.24573148148148147 0.19171875000000002 0.3335370370370371
0 0.21233333333333335 0.16515740740740742 0.06231770833333334 0.06875
0 0.13030729166666666 0.5138981481481482 0.08365625 0.08887037037037038
0 0.13186979166666665 0.7015740740740741 0.12219270833333334 0.11629629629629629
0 0.3275416666666667 0.9076388888888889 0.24050520833333333 0.18472222222222223
0 0.39630208333333333 0.5571851851851852 0.10114583333333332 0.16433333333333333
0 0.29643749999999996 0.7212500000000001 0.08472395833333332 0.11862037037037039
0 0.55721875 0.8702314814814816 0.05402083333333333 0.12380555555555556
0 0.7543385416666666 0.38525925925925925 0.12013020833333334 0.2720648148148148
0 0.9506510416666667 0.8428240740740741 0.09869791666666666 0.3143518518518518
0 0.7812864583333333 0.8954537037037037 0.10371875 0.1510925925925926
0 0.9074479166666667 0.9458333333333333 0.07219270833333334 0.10833333333333334
0 0.826859375 0.8184074074074074 0.04382291666666667 0.05719444444444445
0 0.8811354166666666 0.637324074074074 0.058625000000000003 0.09364814814814815
0 0.6224322916666666 0.6193796296296296 0.03861979166666667 0.08142592592592593