0 0.0580703125 0.07893055555555556 0.11614843749999999 0.15787500000000002
0 0.3825 0.21052777777777779 0.081875 0.14468055555555556
0 0.602 0.2728333333333333 0.24775 0.5246944444444444
0 0.35125 0.5689444444444445 0.0610390625 0.14158333333333334
0 0.0891640625 0.7415694444444444 0.0930234375 0.10722222222222223
0 0.2979921875 0.6952916666666666 0.0746328125 0.1257638888888889
0 0.20373437499999997 0.8755416666666667 0.0722109375 0.19461111111111112
0 0.254125 0.8579722222222222 0.041749999999999995 0.12243055555555557
0 0.1028359375 0.9377361111111111 0.057874999999999996 0.12454166666666668
0 0.146578125 0.9550972222222222 0.0641328125 0.08981944444444445
0 0.03565625 0.48355555555555557 0.067234375 0.08655555555555555
0 0.037867187499999996 0.289625 0.044578125 0.11537499999999999
0 0.0092421875 0.4231666666666667 0.0184921875 0.06298611111111112
0 0.0896875 0.5353888888888889 0.03990625 0.079125
0 0.23146874999999997 0.5465 0.0818515625 0.08281944444444445
0 0.19032812500000001 0.7603194444444443 0.0495546875 0.06602777777777778
0 0.23250781250000002 0.6751666666666667 0.038101562500000005 0.08088888888888889
0 0.2680546875 0.6043472222222223 0.052953125000000004 0.11518055555555556
0 0.4520234375 0.40904166666666664 0.0417890625 0.09493055555555555
0 0.3556796875 0.7408888888888889 0.057390624999999994 0.08269444444444445
0 0.8827187500000001 0.9330972222222222 0.0866484375 0.13379166666666667
0 0.7798671875000001 0.700375 0.1100625 0.20073611111111112
0 0.934015625 0.7325416666666666 0.1142578125 0.15859722222222222
0 0.8418281249999999 0.6307222222222222 0.0867890625 0.15866666666666665
0 0.667109375 0.5270416666666667 0.0699453125 0.21056944444444448
0 0.5455078125 0.5774861111111111 0.068359375 0.2466388888888889
0 0.7125468749999999 0.45323611111111106 0.059984375 0.1323888888888889
0 0.8003046875000001 0.5178055555555555 0.061375 0.08098611111111112
0 0.975390625 0.61225 0.04921875 0.0819861111111111
0 0.9721328124999999 0.5191944444444444 0.0557265625 0.09301388888888888
0 0.5024140625 0.8390000000000001 0.052992187499999996 0.11224999999999999
0 0.5572265625 0.9550972222222222 0.07096875 0.08981944444444445
0 0.6913203125 0.8184027777777778 0.0357734375 0.1312361111111111
0 0.8833671875 0.8223333333333334 0.057874999999999996 0.11597222222222223
0 0.958234375 0.8896805555555556 0.08353125 0.12563888888888888
0 0.8022578125000001 0.4710555555555556 0.0444453125 0.07083333333333333
0 0.7973046874999999 0.327125 0.03871875 0.06998611111111111
0 0.8207421874999999 0.3484166666666667 0.033515625 0.03851388888888889
0 0.4696015625 0.7401944444444445 0.0456953125 0.07668055555555556
0 0.4537109375 0.6677638888888889 0.0423203125 0.08459722222222221
0 0.275734375 0.9088888888888889 0.0453984375 0.11313888888888889
0 0.8036875 0.9049583333333334 0.054765625 0.09138888888888888
0 0.6473203125 0.7112638888888889 0.036296875 0.060500000000000005