0 0.051390625 0.75575 0.10278125 0.23943750000000003
0 0.179109375 0.5520833333333334 0.061234374999999994 0.09120833333333334
0 0.40599999999999997 0.8100625 0.181734375 0.18864583333333332
0 0.3075625 0.9272083333333333 0.13179687499999998 0.14558333333333331
0 0.570734375 0.5224583333333334 0.08870312500000001 0.13191666666666665
0 0.742421875 0.30141666666666667 0.136921875 0.180625
0 0.824546875 0.4331041666666666 0.202296875 0.18008333333333332
0 0.6776718749999999 0.6428125 0.163671875 0.20604166666666668
0 0.8731562500000001 0.7397083333333333 0.18842187500000002 0.251625
0 0.963765625 0.9712916666666668 0.0691875 0.057416666666666664
0 0.661015625 0.7698333333333333 0.047015625 0.049229166666666664