0 0.38742187499999997 0.3720416666666667 0.097375 0.1086875
0 0.3919375 0.2778333333333334 0.09528125 0.08714583333333333
0 0.5738749999999999 0.45391666666666663 0.134203125 0.15691666666666665
0 0.473515625 0.4981666666666667 0.074828125 0.13885416666666667
0 0.1088125 0.8982291666666666 0.151140625 0.17516666666666666
0 0.717265625 0.9030833333333333 0.11825000000000001 0.16172916666666665
0 0.906484375 0.9666666666666667 0.066203125 0.06666666666666667
0 0.79503125 0.36414583333333334 0.115484375 0.107
0 0.47074999999999995 0.7709583333333333 0.08349999999999999 0.13358333333333333
0 0.09925 0.7839166666666666 0.07648437500000001 0.10395833333333333
0 0.625421875 0.5800625 0.076234375 0.08972916666666667
0 0.47631249999999997 0.10752083333333333 0.072390625 0.116875
0 0.906125 0.6392916666666667 0.059953124999999996 0.17114583333333336