0 0.15271875 0.12870833333333334 0.13621875 0.2574166666666667
0 0.22893750000000002 0.16702083333333334 0.0914375 0.12058333333333333
0 0.302359375 0.2386875 0.107765625 0.30237499999999995
0 0.0305625 0.26439583333333333 0.061109375 0.1806458333333333
0 0.121828125 0.4703541666666667 0.0521875 0.12035416666666668
0 0.015796875 0.5272916666666666 0.03159375 0.07681249999999999
0 0.019265625 0.8833333333333333 0.038546875 0.23333333333333334
0 0.058984375 0.9203749999999999 0.07370312500000001 0.15925
0 0.11678124999999999 0.8313541666666667 0.072671875 0.15714583333333335
0 0.323546875 0.9284791666666667 0.22512500000000002 0.1430625
0 0.33865625 0.606875 0.1775625 0.27299999999999996
0 0.8221093749999999 0.9435208333333333 0.14465625 0.11295833333333333
0 0.630296875 0.9053333333333333 0.1220625 0.18935416666666666
0 0.48793749999999997 0.73375 0.0873125 0.15843749999999998
0 0.22425 0.8672291666666666 0.118171875 0.17795833333333333
0 0.234828125 0.5872083333333333 0.0726875 0.14572916666666666
0 0.249765625 0.725875 0.0914375 0.12787500000000002
0 0.092484375 0.7133541666666667 0.107390625 0.07854166666666668
0 0.266078125 0.44652083333333337 0.05923437499999999 0.08658333333333333
0 0.30929687499999997 0.4171458333333333 0.045 0.07872916666666667
0 0.36625 0.3854375 0.091109375 0.13104166666666667
0 0.49765625 0.48358333333333337 0.06787499999999999 0.06154166666666667
0 0.6940000000000001 0.3847291666666666 0.116171875 0.21760416666666668
0 0.731140625 0.6982916666666666 0.09048437499999999 0.16418750000000001
0 0.8497187500000001 0.7501458333333333 0.044328125 0.10120833333333333
0 0.791734375 0.859375 0.056125 0.06039583333333333
0 0.9299062499999999 0.6339583333333334 0.0396875 0.137375
0 0.97846875 0.6291041666666667 0.0430625 0.07675000000000001
0 0.40062499999999995 0.7992083333333333 0.070984375 0.06970833333333333
0 0.32596875000000003 0.8371458333333333 0.08832812500000001 0.05302083333333333
0 0.39159375 0.6814166666666667 0.061265625000000004 0.07949999999999999
0 0.62559375 0.41625 0.045640625000000004 0.08972916666666667