0 0.473375 0.20351851851851852 0.061578125000000004 0.27649074074074076
0 0.3220885416666667 0.2213611111111111 0.08811458333333334 0.12235185185185184
0 0.2978645833333333 0.33108333333333334 0.07697916666666667 0.11189814814814815
0 0.5392552083333333 0.3842685185185185 0.07044270833333334 0.1703888888888889
0 0.8751666666666666 0.4816851851851852 0.09653645833333332 0.19393518518518518
0 0.7973072916666666 0.5705925925925927 0.03627604166666667 0.0727037037037037
0 0.8321979166666666 0.5284444444444445 0.06230729166666667 0.09300925925925926
0 0.3978645833333333 0.7029166666666666 0.160515625 0.2104537037037037
0 0.07601562499999999 0.654787037037037 0.10630208333333332 0.16975925925925925
0 0.22040625 0.8389907407407408 0.09096354166666668 0.1677962962962963
0 0.223265625 0.9770833333333333 0.04878125 0.04583333333333333
0 0.23745833333333335 0.9107407407407407 0.07508333333333334 0.09832407407407408
0 0.42338020833333334 0.8910555555555556 0.07823437500000001 0.19321296296296295
0 0.498375 0.7753518518518518 0.05325 0.1655185185185185
0 0.471421875 0.8797592592592592 0.04725520833333333 0.08400925925925927
0 0.17808854166666668 0.6534166666666668 0.07923958333333332 0.06886111111111111
0 0.25985416666666666 0.5751851851851852 0.040713541666666665 0.1587037037037037
0 0.12539583333333332 0.472962962962963 0.022541666666666668 0.06739814814814815
0 0.157515625 0.4671296296296296 0.04226041666666667 0.06759259259259259
0 0.9009479166666666 0.8396851851851852 0.08143750000000001 0.13678703703703704
0 0.7958802083333333 0.8403888888888889 0.09626562500000001 0.12427777777777778
0 0.747828125 0.867 0.06023958333333333 0.12658333333333335
0 0.6673697916666667 0.7973333333333333 0.06421354166666667 0.15856481481481483
0 0.5474583333333333 0.7918240740740741 0.06185416666666667 0.13023148148148148
0 0.667890625 0.6774814814814815 0.04234375 0.07625
0 0.893875 0.9483333333333334 0.08141145833333334 0.10333333333333333
0 0.7994010416666666 0.9742592592592593 0.06088541666666667 0.05148148148148148
0 0.6958697916666666 0.9453981481481482 0.03367708333333333 0.09376851851851851
0 0.605046875 0.7578703703703704 0.040328125000000006 0.10758333333333334
0 0.5544270833333333 0.7163981481481482 0.06240104166666667 0.09872222222222223
0 0.8849166666666667 0.36133333333333334 0.04516145833333333 0.06265740740740741
0 0.37245833333333334 0.45666666666666667 0.036744791666666665 0.10887962962962963
0 0.36714583333333334 0.9098888888888889 0.033875 0.12539814814814815
0 0.04332291666666667 0.6127222222222223 0.07002083333333334 0.15802777777777777
0 0.051354166666666666 0.7317685185185184 0.10270833333333333 0.07390740740740741
0 0.07290104166666667 0.4653611111111111 0.06919270833333332 0.10036111111111111
0 0.10904166666666668 0.5753333333333334 0.06349479166666666 0.09066666666666667
0 0.185078125 0.38575925925925925 0.05306770833333333 0.09670370370370371
0 0.9022083333333334 0.724175925925926 0.04808333333333333 0.09205555555555556
0 0.41974999999999996 0.18619444444444444 0.03800520833333333 0.09016666666666666
0 0.43120312499999996 0.30137962962962966 0.04425520833333333 0.1313148148148148
0 0.06997395833333334 0.8169166666666666 0.09397916666666667 0.09156481481481482
0 0.5798697916666666 0.8833981481481482 0.06659895833333333 0.11812037037037036
0 0.56759375 0.5329814814814815 0.03609375 0.06808333333333333
0 0.5406614583333333 0.5975092592592592 0.039364583333333335 0.08074074074074074
0 0.5193854166666667 0.4946296296296297 0.03727604166666666 0.10249074074074074
0 0.44840625 0.422962962962963 0.027442708333333333 0.08084259259259259