0 0.10234375 0.15069444444444444 0.2046875 0.3013888888888889
0 0.0515625 0.5793055555555555 0.103125 0.435462962962963
0 0.18577604166666667 0.7133055555555555 0.14459895833333333 0.35624074074074075
0 0.3090677083333333 0.9296296296296296 0.12456770833333333 0.14074074074074075
0 0.5473333333333333 0.8468611111111112 0.101171875 0.16686111111111113
0 0.7184114583333333 0.9157407407407407 0.18088020833333335 0.1685185185185185
0 0.8926197916666666 0.8729166666666667 0.21476041666666665 0.25416666666666665
0 0.537046875 0.4411851851851852 0.11392708333333333 0.2379259259259259
0 0.4857447916666667 0.1519351851851852 0.06548958333333334 0.13165740740740742
0 0.6962760416666666 0.5668518518518519 0.08453125 0.17906481481481482
0 0.20933854166666668 0.9701388888888889 0.068828125 0.059722222222222225
0 0.31896874999999997 0.38100925925925927 0.18810416666666668 0.32126851851851856
0 0.3568489583333333 0.49650925925925926 0.08890104166666667 0.13098148148148148
0 0.2400625 0.35904629629629625 0.05945833333333333 0.14310185185185187
0 0.5805312499999999 0.05499074074074074 0.063421875 0.08126851851851852
0 0.671921875 0.12523148148148147 0.11415625 0.25046296296296294
0 0.8398854166666666 0.42775 0.11762500000000001 0.29439814814814813
0 0.67765625 0.43218518518518517 0.051458333333333335 0.08566666666666667
0 0.7005729166666667 0.1279074074074074 0.047296875 0.08307407407407408
0 0.7720520833333333 0.19937037037037036 0.06319270833333333 0.16633333333333333
0 0.7573385416666666 0.4777592592592593 0.07959374999999999 0.15366666666666667
0 0.7482187499999999 0.35118518518518516 0.063625 0.09960185185185184
0 0.621671875 0.6036388888888888 0.09571354166666667 0.22024074074074076
0 0.6988802083333333 0.8079907407407407 0.06890625 0.09653703703703705
0 0.7152864583333333 0.7096851851851852 0.11421875000000001 0.16951851851851854
0 0.9688802083333333 0.41074074074074074 0.055572916666666666 0.08185185185185186
0 0.86865625 0.7524629629629629 0.041854166666666665 0.0595462962962963