0 0.16793750000000002 0.6820694444444444 0.2297421875 0.28915277777777776
0 0.185640625 0.05579166666666667 0.090171875 0.11156944444444444
0 0.3936875 0.18275000000000002 0.06029687500000001 0.1076388888888889
0 0.3849765625 0.10195833333333333 0.06390625 0.1057638888888889
0 0.2650625 0.3504861111111111 0.09278906249999999 0.11209722222222221
0 0.23329687500000001 0.4789305555555555 0.0834140625 0.11433333333333333
0 0.44721093749999996 0.6510555555555555 0.16339062499999998 0.3474861111111111
0 0.5688125 0.6765416666666667 0.0920625 0.14845833333333333
0 0.3847109375 0.4564722222222223 0.09046875 0.148125
0 0.47689062499999996 0.2773611111111111 0.07277343750000001 0.16952777777777778
0 0.5546171875 0.7635694444444444 0.0345078125 0.08175
0 0.21779687499999997 0.8841111111111111 0.06492187499999999 0.18859722222222222
0 0.1243203125 0.8593888888888889 0.0591796875 0.10620833333333334
0 0.699140625 0.9238472222222222 0.07359375 0.15231944444444445
0 0.6136015625 0.9063333333333332 0.07540625 0.12193055555555557
0 0.89625 0.9134305555555555 0.0862578125 0.17315277777777777
0 0.9428359374999999 0.3557916666666667 0.11432031250000001 0.2939722222222222
0 0.698359375 0.3197083333333333 0.061617187500000004 0.15515277777777778
0 0.9610703125000001 0.8775416666666668 0.0778671875 0.2449027777777778
0 0.902765625 0.8394583333333333 0.05240625 0.12243055555555557
0 0.8721640624999999 0.6510833333333333 0.0823515625 0.1438472222222222
0 0.98515625 0.6635972222222223 0.0296875 0.067
0 0.73703125 0.14155555555555555 0.078546875 0.06966666666666667
0 0.9708359375000001 0.5432638888888889 0.058335937500000004 0.1041111111111111
0 0.7905390625 0.3780277777777778 0.0522578125 0.11623611111111111
0 0.3654453125 0.8568611111111112 0.108171875 0.17145833333333332