0 0.073546875 0.48522916666666666 0.14710937500000001 0.23881249999999998
0 0.0375 0.3391458333333333 0.075 0.13108333333333333
0 0.42995312500000005 0.08277083333333332 0.05745312500000001 0.08535416666666666
0 0.743296875 0.21695833333333334 0.09353125 0.18297916666666666
0 0.6065 0.28360416666666666 0.082828125 0.22366666666666665
0 0.354609375 0.2889375 0.07618749999999999 0.146375
0 0.22425 0.38658333333333333 0.10428124999999999 0.18427083333333333
0 0.277703125 0.234125 0.0581875 0.05120833333333333
0 0.510328125 0.3763958333333333 0.087671875 0.14539583333333334
0 0.790171875 0.24472916666666666 0.055765625 0.1459375
0 0.71221875 0.31 0.069578125 0.06352083333333333
0 0.56553125 0.5527291666666667 0.099109375 0.2665416666666667
0 0.627515625 0.43402083333333336 0.058171875 0.107875
0 0.856828125 0.5256666666666666 0.144671875 0.1615
0 0.10410937499999999 0.32435416666666667 0.094546875 0.10145833333333334
0 0.026218750000000002 0.6518125 0.052437500000000005 0.0908125
0 0.14890625 0.6913541666666667 0.053578125 0.1595625
0 0.233796875 0.5872083333333333 0.08171874999999999 0.2419791666666667
0 0.15984375 0.5 0.056015625 0.042583333333333334
0 0.34054687499999997 0.8749166666666667 0.10748437500000001 0.20016666666666666
0 0.287609375 0.7832291666666666 0.046734375 0.13495833333333335
0 0.36312500000000003 0.7174999999999999 0.062640625 0.096125
0 0.44992187499999997 0.898375 0.05571875 0.20325000000000001
0 0.291953125 0.9504583333333334 0.05915625 0.09908333333333334
0 0.023609375 0.9053333333333333 0.04721875 0.18935416666666666
0 0.108109375 0.9019791666666667 0.069203125 0.09512499999999999
0 0.609984375 0.8188541666666667 0.11754687500000001 0.15993749999999998
0 0.58965625 0.7144999999999999 0.08140625 0.11695833333333333
0 0.7065 0.9203749999999999 0.07728125 0.15925
0 0.75215625 0.9400416666666668 0.121390625 0.11991666666666667
0 0.77003125 0.6446666666666666 0.112265625 0.1653125
0 0.9304375 0.5603541666666667 0.12245312500000001 0.22164583333333335
0 0.9758749999999999 0.8257916666666667 0.048265625 0.14604166666666665
0 0.8198593750000001 0.905875 0.062375 0.07472916666666667
0 0.941203125 0.6906874999999999 0.052328125 0.087125
0 0.95490625 0.3796458333333333 0.061906249999999996 0.12410416666666667
0 0.9819375000000001 0.36043749999999997 0.036109375 0.11810416666666666
0 0.74659375 0.46345833333333336 0.0619375 0.08791666666666667
0 0.572828125 0.9481458333333334 0.115453125 0.10370833333333333
0 0.8090937500000001 0.4217708333333333 0.0630625 0.06947916666666668
0 0.8533593749999999 0.40258333333333335 0.054390625000000005 0.08464583333333334