0 0.08877604166666667 0.25074074074074076 0.08599479166666667 0.18574074074074073
0 0.05882291666666666 0.4345462962962963 0.098890625 0.21516666666666667
0 0.15322395833333333 0.5064722222222222 0.069078125 0.06293518518518518
0 0.14058854166666668 0.9516203703703704 0.029234375 0.09675925925925925
0 0.177828125 0.8658425925925926 0.08496875 0.12889814814814815
0 0.49603125 0.7733796296296296 0.08397916666666667 0.4532407407407407
0 0.5192083333333334 0.23287962962962963 0.15741145833333334 0.46575925925925926
0 0.7375468749999999 0.8028703703703703 0.06708854166666667 0.26223148148148145
0 0.9354479166666666 0.5242777777777778 0.07754166666666666 0.11245370370370371
0 0.19683854166666667 0.9643518518518519 0.04174479166666667 0.0712962962962963
0 0.312453125 0.9000925925925927 0.050093750000000006 0.12332407407407407
0 0.24540104166666668 0.8278981481481481 0.03055208333333333 0.05301851851851851
0 0.22456770833333334 0.7760648148148148 0.05138541666666666 0.06045370370370371
0 0.8253020833333333 0.9539351851851852 0.032213541666666665 0.09212962962962963
0 0.9780208333333333 0.8600648148148148 0.04186979166666667 0.06642592592592592
0 0.8552447916666667 0.11886111111111111 0.04003125 0.060861111111111116
0 0.5452447916666666 0.446537037037037 0.063671875 0.06806481481481481
0 0.38914062499999996 0.5076203703703703 0.04516145833333333 0.09764814814814814
0 0.006875 0.8537685185185185 0.01375 0.08456481481481481
0 0.3838125 0.8121018518518519 0.041124999999999995 0.12347222222222222
0 0.070609375 0.9072685185185185 0.052947916666666664 0.09897222222222223
0 0.027593749999999997 0.7141759259259258 0.0535625 0.09427777777777777
0 0.24788541666666666 0.7288055555555556 0.044223958333333334 0.053175925925925925
0 0.7635729166666666 0.939287037037037 0.052437500000000005 0.11487962962962962
0 0.4316197916666667 0.9631481481481482 0.043421875000000006 0.0737037037037037