0 0.9506484374999999 0.10963888888888888 0.0986953125 0.14276388888888888
0 0.77453125 0.6660694444444444 0.274375 0.5025138888888889
0 0.9721328124999999 0.7218888888888889 0.0557265625 0.220625
0 0.396953125 0.6871805555555556 0.09203125 0.2160138888888889
0 0.628578125 0.46525000000000005 0.11576562500000001 0.2305
0 0.37703125000000004 0.42430555555555555 0.0876015625 0.11620833333333333
0 0.28381249999999997 0.13301388888888888 0.107375 0.23026388888888888
0 0.1083046875 0.12698611111111113 0.0938046875 0.08493055555555555
0 0.0359375 0.2755138888888889 0.071875 0.14731944444444445
0 0.550453125 0.32734722222222223 0.0845078125 0.11765277777777777
0 0.1180703125 0.9701388888888889 0.08209375 0.059722222222222225
0 0.2348515625 0.5492777777777778 0.065703125 0.08836111111111111
0 0.263109375 0.9469861111111112 0.057640625 0.10601388888888888
0 0.6694453125 0.02801388888888889 0.08577343750000001 0.056013888888888884