0 0.7467968749999999 0.37244444444444447 0.13974479166666667 0.29026851851851854
0 0.5843072916666666 0.46155555555555555 0.10013541666666666 0.22310185185185183
0 0.30490104166666665 0.8167314814814816 0.08082291666666667 0.25289814814814815
0 0.059375 0.77325 0.11875 0.2955740740740741
0 0.22965104166666667 0.9493055555555555 0.11153645833333334 0.10138888888888889
0 0.7223177083333333 0.6668055555555555 0.13661458333333334 0.26787037037037037
0 0.8814218749999999 0.7988425925925926 0.16736458333333332 0.4023148148148148
0 0.7216666666666666 0.9770833333333333 0.09365104166666667 0.04583333333333333
0 0.20777604166666666 0.20660185185185184 0.11361458333333332 0.18494444444444444
0 0.154125 0.16050925925925924 0.06033854166666666 0.0700925925925926
0 0.2743072916666666 0.06750925925925925 0.07170312499999999 0.10664814814814816
0 0.3494322916666667 0.03958333333333333 0.101140625 0.07916666666666666
0 0.126140625 0.016435185185185185 0.07115625 0.03287037037037037
0 0.9239895833333333 0.27667592592592594 0.069203125 0.10797222222222222
0 0.9557552083333333 0.1743888888888889 0.07765104166666667 0.13487962962962963
0 0.98125 0.35650925925925925 0.0375 0.07784259259259259
0 0.9191666666666667 0.5349259259259259 0.048755208333333334 0.0874537037037037
0 0.9897135416666667 0.5238148148148148 0.020572916666666666 0.10226851851851852
0 0.9734375 0.9081851851851852 0.053125 0.11082407407407407
0 0.7394999999999999 0.8815648148148149 0.07099479166666667 0.17887037037037037
0 0.2464375 0.7427222222222222 0.05485416666666666 0.14193518518518516
0 0.14301562499999998 0.8911111111111111 0.06441666666666666 0.1446111111111111
0 0.44346875 0.714462962962963 0.05093229166666667 0.09281481481481481
0 0.33159374999999996 0.6480277777777778 0.04615625 0.0631574074074074
0 0.401078125 0.5417222222222222 0.05410416666666666 0.10074074074074074
0 0.9537552083333334 0.5093055555555556 0.051182291666666664 0.06782407407407408