0 0.377296875 0.27800925925925923 0.2589427083333333 0.5560185185185185
0 0.11455208333333333 0.0940925925925926 0.0813125 0.11780555555555557
0 0.16858333333333334 0.1866574074074074 0.09564062499999999 0.09924074074074074
0 0.24006770833333332 0.7751111111111111 0.12195312500000001 0.22522222222222224
0 0.36752604166666664 0.7968518518518519 0.09358854166666666 0.29648148148148146
0 0.5078697916666667 0.7375 0.20271875 0.525
0 0.467390625 0.9377314814814814 0.06834895833333333 0.12453703703703704
0 0.6728333333333333 0.8373518518518519 0.08733333333333333 0.271
0 0.7417083333333333 0.6649722222222222 0.0558125 0.13457407407407407
0 0.8584999999999999 0.4766111111111111 0.056953125 0.10044444444444445
0 0.9734375 0.08834259259259258 0.053125 0.1297962962962963
0 0.6540885416666666 0.30097222222222225 0.05431770833333334 0.09638888888888889
0 0.6536979166666667 0.20542592592592593 0.04728645833333334 0.05304629629629629
0 0.5236354166666667 0.29726851851851854 0.06002604166666667 0.1075
0 0.23211979166666669 0.5384444444444444 0.08315104166666668 0.19718518518518519
0 0.16402604166666668 0.75175 0.05528125 0.12758333333333333
0 0.15517708333333333 0.8871759259259259 0.06881770833333332 0.16176851851851853
0 0.30346875 0.9484629629629628 0.044625000000000005 0.08580555555555555
0 0.015755208333333333 0.5023240740740741 0.031510416666666666 0.08423148148148148
0 0.7232239583333333 0.5504351851851852 0.03844270833333333 0.10456481481481482
0 0.6594270833333333 0.6585 0.04624479166666667 0.0845925925925926
0 0.5831354166666666 0.6483055555555555 0.047796874999999996 0.1938240740740741
0 0.957578125 0.7330462962962964 0.065671875 0.10890740740740741
0 0.8036875 0.7381296296296296 0.04939583333333333 0.07096296296296296
0 0.9442968749999999 0.20357407407407407 0.04432291666666666 0.07525925925925926
0 0.08759895833333334 0.5673240740740741 0.033651041666666666 0.07817592592592593
0 0.28484375 0.6955185185185185 0.07177604166666667 0.1401111111111111
0 0.29175 0.6110555555555556 0.042020833333333334 0.1424814814814815
0 0.35658854166666665 0.5825925925925927 0.05296875 0.11796296296296296
0 0.2400625 0.27389814814814817 0.038625 0.08390740740740742
0 0.26753645833333334 0.3456666666666667 0.043578125 0.11514814814814815
0 0.04997395833333333 0.11933333333333333 0.03338541666666666 0.04002777777777777
0 0.09163020833333334 0.052314814814814814 0.060348958333333334 0.10462962962962963
0 0.03486979166666667 0.15010185185185188 0.04276041666666666 0.053907407407407404
0 0.04203125 0.025694444444444443 0.025833333333333333 0.05138888888888889
0 0.10856249999999999 0.36880555555555555 0.036000000000000004 0.06887962962962962
0 0.033046875 0.37712962962962965 0.03078125 0.05222222222222222
0 0.033046875 0.30330555555555555 0.042130208333333335 0.0563425925925926