0 0.27717187499999996 0.029166666666666667 0.1857552083333333 0.058333333333333334
0 0.0709375 0.0349537037037037 0.09822916666666666 0.0699074074074074
0 0.03333333333333333 0.5946111111111111 0.06666666666666667 0.2345925925925926
0 0.024088541666666668 0.8352962962962963 0.048177083333333336 0.1233611111111111
0 0.13394791666666667 0.5078518518518519 0.059041666666666666 0.13050925925925924
0 0.16025 0.4814537037037037 0.060223958333333334 0.19810185185185183
0 0.156078125 0.3722407407407407 0.08767708333333334 0.10930555555555556
0 0.07731770833333333 0.38080555555555556 0.056828125 0.10327777777777779
0 0.4194791666666667 0.6647314814814814 0.11208854166666667 0.19427777777777777
0 0.7501770833333333 0.6834722222222221 0.11734895833333334 0.22712962962962965
0 0.5691979166666666 0.6510833333333333 0.09880729166666667 0.13644444444444445
0 0.915390625 0.5453333333333333 0.07505729166666668 0.14066666666666666
0 0.848609375 0.15755555555555556 0.10798958333333333 0.28303703703703703
0 0.6452395833333333 0.13449074074074074 0.165765625 0.2689814814814815
0 0.4981145833333333 0.24572222222222223 0.11105729166666665 0.278
0 0.37729166666666664 0.2295 0.09229166666666666 0.116
0 0.2990364583333333 0.32503703703703707 0.07671875 0.10748148148148148
0 0.36973958333333334 0.3637222222222222 0.11259895833333333 0.14385185185185187
0 0.3357604166666667 0.48059259259259257 0.094625 0.21103703703703702
0 0.27585937499999996 0.5846574074074073 0.08766145833333333 0.2470925925925926
0 0.1775625 0.7526851851851851 0.044708333333333336 0.07389814814814814
0 0.22195833333333334 0.7413425925925926 0.057984375 0.11138888888888888
0 0.49511458333333336 0.7691111111111111 0.057416666666666664 0.11137037037037037
0 0.8431302083333333 0.9585648148148148 0.10501041666666668 0.08287037037037037
0 0.7436666666666666 0.33866666666666667 0.09391145833333334 0.25048148148148147
0 0.96953125 0.2546574074074074 0.0609375 0.3000555555555556
0 0.58846875 0.519888888888889 0.06443229166666667 0.08051851851851852
0 0.6622916666666666 0.5166481481481482 0.056140625000000006 0.08329629629629628
0 0.9360989583333333 0.06727777777777777 0.06842708333333333 0.08396296296296298
0 0.7530364583333333 0.06426851851851852 0.03940625 0.10386111111111111
0 0.6087812499999999 0.3546666666666667 0.030354166666666668 0.055629629629629626