0 0.047921875 0.136 0.095828125 0.11779166666666667
0 0.08884375 0.08252083333333333 0.097328125 0.14095833333333332
0 0.04965625 0.46641666666666665 0.0993125 0.17264583333333333
0 0.20618750000000002 0.6004166666666666 0.098734375 0.1119375
0 0.13328125 0.5279791666666667 0.047109374999999995 0.08283333333333333
0 0.25584375000000004 0.4076458333333333 0.117484375 0.15695833333333334
0 0.712390625 0.4437291666666667 0.205328125 0.3031875
0 0.957640625 0.48722916666666666 0.08471875 0.31610416666666663
0 0.9333281250000001 0.8032083333333334 0.133328125 0.3935833333333333
0 0.61171875 0.04652083333333333 0.09323437500000001 0.0930625
0 0.519359375 0.15197916666666667 0.041484375000000004 0.109
0 0.588796875 0.1445625 0.04146875 0.06827083333333334
0 0.5986875 0.491875 0.0855625 0.17727083333333335
0 0.276328125 0.6520208333333334 0.041796875 0.10866666666666666
0 0.32909375 0.5863125 0.061250000000000006 0.06983333333333334
0 0.47456250000000005 0.4213125 0.06996875 0.059291666666666666
0 0.43881249999999994 0.36670833333333336 0.0779375 0.06116666666666667
0 0.8460000000000001 0.7230000000000001 0.113203125 0.10504166666666667
0 0.8657812500000001 0.5175208333333333 0.051375000000000004 0.0690625
0 0.535859375 0.29154166666666664 0.084234375 0.0685
0 0.46946875 0.31272916666666667 0.050390625 0.04835416666666667
0 0.7405468749999999 0.123875 0.058499999999999996 0.10125
0 0.9103125000000001 0.10358333333333333 0.05228125 0.053000000000000005
0 0.12445312500000001 0.9810833333333334 0.0406875 0.03785416666666667
0 0.52415625 0.5961458333333333 0.05559375 0.0700625
0 0.097234375 0.21431250000000002 0.061250000000000006 0.0980625
0 0.4686875 0.6506458333333334 0.050124999999999996 0.074875
0 0.15178125 0.4663125 0.06085937500000001 0.11595833333333333
0 0.259984375 0.5433749999999999 0.053468749999999995 0.047875
0 0.337703125 0.041291666666666664 0.050624999999999996 0.06393750000000001