0 0.9624010416666666 0.32296296296296295 0.075203125 0.22560185185185186
0 0.42322395833333337 0.37665740740740744 0.12914583333333335 0.26878703703703705
0 0.42852604166666663 0.8351481481481482 0.24374479166666668 0.32969444444444446
0 0.7150156249999999 0.8139907407407407 0.13304687499999998 0.20175925925925928
0 0.8854635416666666 0.7254722222222222 0.061812500000000006 0.17216666666666666
0 0.8899114583333334 0.6216574074074074 0.07950520833333334 0.12100925925925926
0 0.49075 0.23225925925925925 0.07090624999999999 0.14692592592592593
0 0.5774218750000001 0.386537037037037 0.035041666666666665 0.07450925925925926
0 0.5677916666666667 0.490537037037037 0.04466666666666667 0.06847222222222223
0 0.47570833333333334 0.49204629629629626 0.09159895833333334 0.16389814814814813
0 0.169953125 0.0708425925925926 0.05784375 0.14167592592592593
0 0.24037499999999998 0.05692592592592592 0.05424479166666667 0.11386111111111111
0 0.109890625 0.34099999999999997 0.08407291666666666 0.14925
0 0.018177083333333333 0.44519444444444445 0.03635416666666667 0.1591574074074074
0 0.2311041666666667 0.31103703703703706 0.060744791666666666 0.10644444444444444
0 0.18885416666666668 0.3837777777777778 0.07060416666666666 0.1150462962962963
0 0.13913541666666665 0.5207037037037037 0.0635 0.09801851851851852
0 0.03669791666666666 0.6525000000000001 0.06672916666666667 0.10837037037037038
0 0.135046875 0.9699814814814814 0.045802083333333334 0.06003703703703704
0 0.9678177083333334 0.549962962962963 0.06436979166666666 0.24728703703703703
0 0.877640625 0.38587962962962963 0.08468229166666667 0.13741666666666666
0 0.696234375 0.32728703703703704 0.045411458333333335 0.07393518518518517
0 0.6394166666666667 0.4706388888888889 0.04347395833333333 0.06974074074074073
0 0.9340885416666667 0.24339814814814814 0.06433333333333333 0.10070370370370371
0 0.7493177083333333 0.3362777777777778 0.03908333333333334 0.09875925925925925
0 0.392765625 0.019472222222222224 0.03384375 0.038953703703703706
0 0.6359270833333334 0.1655462962962963 0.028791666666666667 0.08924074074074073
0 0.5549114583333333 0.6927314814814814 0.04394270833333334 0.14775925925925928
0 0.23446875 0.9446018518518519 0.05192708333333333 0.1107962962962963
0 0.17127604166666668 0.9614259259259258 0.04351041666666667 0.07715740740740741
0 0.36700520833333333 0.47726851851851854 0.03914583333333333 0.06932407407407408