0 0.0463515625 0.30050000000000004 0.0927109375 0.19727777777777777
0 0.1296484375 0.454625 0.06346874999999999 0.10740277777777778
0 0.14163281249999998 0.3687638888888889 0.10006250000000001 0.17179166666666668
0 0.025523437500000003 0.51525 0.051039062499999996 0.18234722222222222
0 0.11559375000000001 0.5885972222222222 0.10006250000000001 0.19479166666666667
0 0.44369531249999994 0.5923055555555555 0.07928125 0.14665277777777777
0 0.499421875 0.7061527777777777 0.14490625 0.18916666666666665
0 0.683 0.6279444444444444 0.085046875 0.13459722222222223
0 0.5764921875 0.5740416666666667 0.053265625000000004 0.08695833333333333
0 0.327296875 0.7538472222222222 0.06728125 0.09009722222222223
0 0.1763984375 0.7029583333333334 0.038351562500000005 0.08575
0 0.30178125 0.48844444444444446 0.097484375 0.13051388888888887
0 0.642109375 0.8859583333333333 0.09879687499999999 0.19229166666666664
0 0.872296875 0.9516249999999999 0.06959375 0.09676388888888889
0 0.9662734374999999 0.7214444444444446 0.0674453125 0.09937499999999999
0 0.987109375 0.5464722222222222 0.02578125 0.24202777777777776
0 0.7598046875 0.5791111111111111 0.0633671875 0.16193055555555555
0 0.8051171874999999 0.5650000000000001 0.0647578125 0.13834722222222223
0 0.8391015625 0.5291666666666667 0.0618984375 0.1046111111111111
0 0.7113828125 0.6937083333333334 0.085578125 0.08573611111111111
0 0.95640625 0.4185277777777777 0.048640625 0.12779166666666666
0 0.8581093750000001 0.7047777777777777 0.07075781249999999 0.08456944444444445
0 0.73325 0.9037916666666667 0.062328125 0.07519444444444444
0 0.711375 0.40187500000000004 0.07515625000000001 0.07595833333333334
0 0.722046875 0.34655555555555556 0.045140625000000004 0.127375
0 0.53365625 0.2991111111111111 0.073828125 0.14822222222222223
0 0.46934375 0.3877361111111111 0.06183593750000001 0.20047222222222222
0 0.4409609375 0.15980555555555556 0.0821484375 0.11961111111111111
0 0.5488906250000001 0.18480555555555556 0.04596875 0.07702777777777778
0 0.613859375 0.29334722222222226 0.0384296875 0.06723611111111111
0 0.6104765624999999 0.2012361111111111 0.0462421875 0.0959861111111111
0 0.6981015625 0.19105555555555556 0.054843750000000004 0.075625
0 0.2640234375 0.15286111111111111 0.094875 0.17052777777777778
0 0.3831484375 0.09269444444444444 0.062343749999999996 0.14280555555555555
0 0.39121875 0.3058194444444444 0.0514140625 0.1385
0 0.7585078125 0.21511111111111111 0.0451328125 0.12375
0 0.842359375 0.3030555555555555 0.0371640625 0.11444444444444445
0 0.8766015625 0.28223611111111113 0.0389921875 0.08205555555555555
0 0.9547109375 0.13669444444444445 0.03390625 0.07475
0 0.9260703124999999 0.07626388888888888 0.044210937500000005 0.12383333333333332
0 0.9701796874999999 0.07315277777777777 0.0596328125 0.14629166666666665
0 0.1926640625 0.4948888888888889 0.0540859375 0.141625
0 0.895734375 0.42777777777777776 0.060609375 0.14629166666666665
0 0.7655390625 0.3403055555555556 0.0397578125 0.12876388888888887
0 0.35750000000000004 0.23547222222222222 0.0797890625 0.12744444444444444
0 0.889875 0.13529166666666667 0.048890625 0.07983333333333333
0 0.7635859375 0.12533333333333332 0.0566796875 0.09233333333333334
0 0.8577187500000001 0.033791666666666664 0.0533125 0.06759722222222223