0 0.5410859375 0.7490694444444445 0.2074140625 0.5018472222222222
0 0.6073046875 0.03622222222222222 0.07767968750000001 0.07243055555555555
0 0.1172265625 0.3612222222222222 0.11360937499999998 0.13033333333333333
0 0.121046875 0.14790277777777777 0.11892968749999999 0.19068055555555555
0 0.2541640625 0.03641666666666667 0.0361875 0.07284722222222223
0 0.212953125 0.2787222222222222 0.06303125000000001 0.11011111111111112
0 0.25809375 0.329125 0.051468749999999994 0.06283333333333334
0 0.534265625 0.16327777777777777 0.068640625 0.12406944444444444
0 0.4754609375 0.24494444444444446 0.0915546875 0.1845
0 0.7536015625 0.4365138888888889 0.0814140625 0.11968055555555555
0 0.8305781250000001 0.5845972222222222 0.09646875 0.12709722222222222
0 0.8438828125000001 0.39081944444444444 0.0675390625 0.06055555555555556
0 0.6884375 0.2881388888888889 0.047375 0.19681944444444446
0 0.7280234375 0.29701388888888886 0.0469140625 0.0705
0 0.80140625 0.3198472222222222 0.043687500000000004 0.07088888888888889
0 0.87246875 0.14970833333333333 0.0450859375 0.07223611111111111
0 0.4747734375 0.031069444444444445 0.0626171875 0.06215277777777778
0 0.36284375 0.39325 0.06653125 0.31236111111111114
0 0.2408515625 0.9426527777777778 0.111421875 0.11470833333333334
0 0.6692265625 0.46244444444444444 0.0589453125 0.158375
0 0.97934375 0.4484027777777778 0.0413203125 0.17573611111111112
0 0.9880234375000001 0.6981527777777778 0.023953125 0.14019444444444445
0 0.9479374999999999 0.5237222222222222 0.051578124999999996 0.05472222222222222
0 0.27649218750000004 0.6886944444444445 0.052468749999999995 0.09658333333333334
0 0.41839843749999994 0.8833055555555556 0.081609375 0.16476388888888888
0 0.1017265625 0.017694444444444443 0.0701953125 0.035388888888888886
0 0.90834375 0.8594444444444443 0.105375 0.13351388888888888