0 0.24501562500000001 0.72175 0.23184375 0.4184791666666667
0 0.41870312500000006 0.5024583333333333 0.150109375 0.21452083333333333
0 0.80121875 0.14079166666666668 0.161109375 0.28160416666666666
0 0.638859375 0.1683125 0.06364062499999999 0.10677083333333333
0 0.291359375 0.226625 0.07665625000000001 0.09839583333333332
0 0.1711875 0.35714583333333333 0.080015625 0.13720833333333332
0 0.11754687500000001 0.9480833333333333 0.11476562500000001 0.1038125
0 0.908328125 0.887 0.183328125 0.20733333333333331
0 0.664515625 0.911625 0.11681250000000001 0.17672916666666666
0 0.8206093750000001 0.6362291666666666 0.104078125 0.12591666666666665
0 0.8629374999999999 0.5792916666666666 0.105390625 0.12316666666666666
0 0.713328125 0.5997916666666666 0.058234375000000005 0.073875
0 0.6858593749999999 0.7859999999999999 0.05328125 0.08175
0 0.140859375 0.046187500000000006 0.075578125 0.09235416666666667
0 0.076921875 0.10099999999999999 0.058125 0.09452083333333333
0 0.0426875 0.19958333333333333 0.04796875 0.0806875
0 0.030734375 0.61175 0.061453125 0.09435416666666667
0 0.043078125 0.7709166666666667 0.06542187499999999 0.08972916666666667
0 0.123015625 0.87575 0.066984375 0.06329166666666666
0 0.06442187499999999 0.88475 0.060609375 0.10910416666666665
0 0.180953125 0.9462083333333333 0.04746875 0.10004166666666667
0 0.4060625 0.7334166666666667 0.0581875 0.0703125
0 0.343171875 0.7745625 0.053015625 0.07966666666666668
0 0.42000000000000004 0.35522916666666665 0.09021875 0.10214583333333334
0 0.315578125 0.45712499999999995 0.060312500000000005 0.08714583333333333
0 0.38887499999999997 0.6197708333333334 0.061312500000000006 0.11879166666666667
0 0.098921875 0.41029166666666667 0.050062499999999996 0.06902083333333334
0 0.302421875 0.3123958333333333 0.08837500000000001 0.07035416666666668
0 0.33496875 0.22525 0.038906249999999996 0.06785416666666667
0 0.38796875000000003 0.1655625 0.046984375 0.09316666666666666
0 0.37312500000000004 0.24556250000000002 0.046453125 0.04775
0 0.45853124999999995 0.1731875 0.0548125 0.0609375
0 0.573375 0.4342083333333333 0.049093750000000005 0.069125
0 0.8273906249999999 0.34360416666666665 0.069703125 0.1031875
0 0.639640625 0.48262499999999997 0.054578125 0.09997916666666667
0 0.50475 0.45191666666666663 0.04309375 0.05591666666666666