0 0.36115624999999996 0.4005462962962963 0.120421875 0.20045370370370372
0 0.3881354166666667 0.7282037037037037 0.11672395833333334 0.18469444444444444
0 0.27447916666666666 0.9054444444444444 0.105453125 0.18911111111111112
0 0.2048125 0.9625277777777778 0.09241145833333334 0.0749537037037037
0 0.6204479166666667 0.19924074074074075 0.13600520833333332 0.2569166666666667
0 0.7789479166666666 0.2940462962962963 0.18270833333333333 0.3221111111111111
0 0.6249479166666667 0.4923518518518519 0.08078645833333334 0.1544074074074074
0 0.6860572916666666 0.43986111111111115 0.09451041666666667 0.14075
0 0.841546875 0.5161111111111111 0.128140625 0.27422222222222226
0 0.7040364583333333 0.6203611111111111 0.10136458333333334 0.1478611111111111
0 0.7925260416666667 0.9182222222222222 0.07776041666666668 0.11192592592592591
0 0.561921875 0.7651666666666667 0.12873437499999998 0.2664814814814815
0 0.038098958333333335 0.7093703703703704 0.07619791666666667 0.17367592592592593
0 0.182875 0.6786018518518518 0.09348437500000001 0.09335185185185184
0 0.08795833333333333 0.794212962962963 0.064234375 0.09221296296296297
0 0.19422395833333334 0.5650185185185186 0.09357291666666666 0.09425925925925925
0 0.22364583333333332 0.42712962962962964 0.071859375 0.06581481481481481
0 0.07747395833333333 0.53975 0.06380729166666667 0.0894537037037037
0 0.2772604166666667 0.3232777777777778 0.03825 0.06360185185185185
0 0.27544270833333334 0.1298425925925926 0.0453125 0.07626851851851853
0 0.20309895833333333 0.2608888888888889 0.05474479166666667 0.060592592592592594
0 0.024723958333333334 0.508175925925926 0.049442708333333335 0.053675925925925926