0 0.7547395833333332 0.10671296296296297 0.13688020833333334 0.21342592592592594
0 0.6107343749999999 0.3262407407407407 0.09675520833333334 0.19103703703703703
0 0.4295 0.9284722222222223 0.094640625 0.14305555555555555
0 0.17809375 0.944675925925926 0.13131770833333334 0.11064814814814815
0 0.030078125 0.610175925925926 0.06015625 0.19260185185185183
0 0.17248958333333334 0.26884259259259263 0.09303645833333334 0.1576759259259259
0 0.052578125 0.4315277777777778 0.090671875 0.14250925925925925
0 0.6301354166666666 0.6261388888888889 0.07097916666666666 0.10976851851851852
0 0.3791145833333333 0.3521203703703704 0.041776041666666666 0.06442592592592593
0 0.47558854166666664 0.8371481481481482 0.04440104166666667 0.07152777777777777
0 0.3588020833333333 0.7166111111111112 0.0428125 0.07974074074074075
0 0.3634895833333333 0.5321759259259259 0.04177083333333333 0.06620370370370371
0 0.21011458333333335 0.4440092592592592 0.04209895833333333 0.05273148148148148
0 0.25386458333333334 0.43660185185185185 0.03706770833333333 0.06753703703703703
0 0.6072135416666666 0.4731759259259259 0.04984895833333333 0.11475925925925926
0 0.6555208333333333 0.46897222222222223 0.04884895833333334 0.10831481481481482
0 0.7883229166666667 0.4983888888888889 0.03325 0.050444444444444445