0 0.6986171875 0.03843055555555556 0.0503515625 0.07684722222222222
0 0.9643203124999999 0.08366666666666667 0.0713515625 0.15715277777777778
0 0.5650390625 0.03263888888888889 0.107421875 0.06527777777777778
0 0.504359375 0.16904166666666665 0.06809375 0.2677083333333333
0 0.54525 0.36348611111111107 0.063671875 0.12118055555555556
0 0.8087578125 0.603875 0.0779375 0.17904166666666665
0 0.7303828125 0.560125 0.10346875 0.24433333333333332
0 0.729859375 0.5691666666666667 0.0711796875 0.11890277777777777
0 0.62375 0.5101666666666667 0.043859375 0.07034722222222221
0 0.44602343749999995 0.7376111111111112 0.1597578125 0.32613888888888887
0 0.3499453125 0.9064861111111111 0.10821875 0.18704166666666666
0 0.24786718749999997 0.17269444444444446 0.1540625 0.345375
0 0.34199999999999997 0.242625 0.1261875 0.276
0 0.059343749999999994 0.4467638888888889 0.11867968749999999 0.1842777777777778
0 0.06949999999999999 0.7774305555555555 0.1046171875 0.20208333333333334
0 0.239921875 0.4622361111111111 0.17203125 0.26613888888888887
0 0.1240546875 0.5615138888888889 0.06425 0.21933333333333332
0 0.87021875 0.6244861111111111 0.023765625000000002 0.10451388888888889