0 0.47728125 0.20162037037037037 0.069390625 0.40324074074074073
0 0.389 0.09166666666666666 0.113421875 0.18333333333333332
0 0.19436458333333334 0.3595555555555556 0.11179166666666666 0.12441666666666668
0 0.04854166666666667 0.5365462962962964 0.03885416666666666 0.09531481481481481
0 0.014453125 0.6816481481481481 0.02890625 0.05681481481481481
0 0.967578125 0.7397037037037038 0.06484375 0.2331111111111111
0 0.8098020833333333 0.8292685185185186 0.11126562499999999 0.17612962962962964
0 0.8765989583333333 0.7017592592592592 0.09106770833333333 0.17575
0 0.6638541666666666 0.7698055555555555 0.053015625000000004 0.13589814814814816
0 0.5697239583333332 0.3407777777777778 0.04597395833333333 0.10191666666666666
0 0.6719270833333333 0.42894444444444446 0.0525 0.1069537037037037
0 0.6650260416666666 0.3174074074074074 0.05327604166666667 0.07833333333333332
0 0.9532552083333333 0.026851851851851852 0.09348958333333333 0.053703703703703705
0 0.8204843749999999 0.01412037037037037 0.08090625 0.02824074074074074
0 0.7137239583333332 0.16212962962962962 0.054848958333333336 0.07796296296296297
0 0.7674947916666667 0.3183240740740741 0.06448958333333334 0.09869444444444445
0 0.866578125 0.24057407407407408 0.15017708333333332 0.10985185185185185
0 0.43588020833333335 0.9655092592592592 0.07407291666666667 0.06898148148148148
0 0.20595312500000001 0.9701388888888889 0.04955729166666667 0.059722222222222225