0 0.23185937499999998 0.17097222222222222 0.09929687499999999 0.22843055555555555
0 0.0098984375 0.30304166666666665 0.0197890625 0.15145833333333333
0 0.0532265625 0.2827222222222222 0.0711484375 0.12991666666666668
0 0.1055703125 0.1922361111111111 0.06542187499999999 0.09330555555555556
0 0.2465703125 0.5566666666666666 0.0620625 0.14019444444444445
0 0.0977578125 0.6390555555555556 0.09146093749999999 0.11977777777777777
0 0.09840625 0.800625 0.0823515625 0.17744444444444446
0 0.3259921875 0.9330972222222222 0.07509375 0.13379166666666667
0 0.48757031250000005 0.8593611111111111 0.07746875 0.13445833333333335
0 0.5624374999999999 0.9423611111111111 0.10221875 0.11527777777777778
0 0.872296875 0.7744166666666668 0.0800078125 0.18218055555555554
0 0.9036796875 0.9010555555555555 0.0702421875 0.134
0 0.9311484374999999 0.81775 0.05228125 0.11544444444444445
0 0.3737734375 0.5800277777777778 0.0915078125 0.21931944444444443
0 0.45657812499999995 0.5862916666666667 0.07173437499999999 0.18090277777777777
0 0.597328125 0.6381388888888888 0.0741015625 0.11793055555555555
0 0.6223203125000001 0.48818055555555556 0.05535156249999999 0.13283333333333333
0 0.727515625 0.4902638888888889 0.0508671875 0.132375
0 0.7642421875000001 0.4643472222222222 0.06839843749999999 0.09906944444444445
0 0.9669296875000001 0.40186111111111106 0.0661484375 0.09447222222222222
0 0.901984375 0.3724722222222222 0.0689375 0.12365277777777778
0 0.571671875 0.42616666666666664 0.049875 0.064375
0 0.5988828125000001 0.36368055555555556 0.033187499999999995 0.11531944444444445
0 0.63690625 0.3553472222222222 0.0470234375 0.11718055555555557
0 0.9045937500000001 0.2181111111111111 0.0741484375 0.18068055555555557
0 0.914484375 0.07951388888888888 0.0751953125 0.12105555555555556
0 0.8096796875000001 0.2931111111111111 0.042625 0.08991666666666666
0 0.835328125 0.2558472222222222 0.046015625 0.1126111111111111
0 0.780125 0.21627777777777776 0.0522578125 0.06588888888888889
0 0.21103125 0.04595833333333334 0.06804687499999999 0.09191666666666667
0 0.264015625 0.4678194444444444 0.063625 0.11063888888888888
0 0.42428906250000004 0.45231944444444444 0.0511796875 0.09351388888888888
0 0.46334375000000005 0.39376388888888886 0.056382812500000004 0.09216666666666666
0 0.4207734375 0.3713194444444445 0.031132812500000002 0.07043055555555555
0 0.4791015625 0.29380555555555554 0.039703125 0.07741666666666668
0 0.58546875 0.27899999999999997 0.055843750000000004 0.06631944444444444
0 0.5629453125 0.12926388888888887 0.034234375 0.07705555555555556
0 0.4689453125 0.08645833333333333 0.0493515625 0.08865277777777777
0 0.46022656250000005 0.21304166666666666 0.033195312500000004 0.08718055555555557
0 0.6945859375000001 0.2271527777777778 0.0540625 0.0922638888888889
0 0.6917187499999999 0.7605416666666667 0.0545859375 0.15441666666666667
0 0.0387734375 0.7230555555555556 0.0535859375 0.18129166666666666
0 0.028125 0.6119861111111111 0.05625 0.14433333333333334
0 0.01640625 0.4719861111111111 0.0328125 0.1282222222222222
0 0.1400703125 0.3252638888888889 0.0615234375 0.10331944444444445
0 0.1459296875 0.5476527777777778 0.052414062500000004 0.0805
0 0.084859375 0.5203472222222222 0.0572265625 0.09069444444444444