0 0.8743854166666666 0.10131481481481482 0.09289062499999999 0.19645370370370369
0 0.38796875 0.15221296296296294 0.06572916666666667 0.13168518518518518
0 0.252171875 0.025231481481481483 0.10451041666666666 0.050462962962962966
0 0.05479166666666667 0.2063148148148148 0.06802083333333334 0.15244444444444444
0 0.015104166666666667 0.32413888888888887 0.030208333333333334 0.0795
0 0.05481770833333333 0.577962962962963 0.10963541666666667 0.14574074074074075
0 0.43288541666666663 0.2734722222222222 0.08266666666666667 0.12991666666666668
0 0.6995260416666667 0.38515740740740745 0.05459895833333333 0.1536388888888889
0 0.7795989583333333 0.42106481481481484 0.053296875 0.13750925925925925
0 0.6514947916666666 0.7861111111111111 0.19493229166666665 0.42777777777777776
0 0.49819270833333335 0.6496296296296297 0.11938020833333333 0.1490462962962963
0 0.5828697916666666 0.8919907407407408 0.07146354166666667 0.10250000000000001
0 0.326125 0.9458333333333333 0.04619270833333333 0.10833333333333334
0 0.18277083333333335 0.7094074074074074 0.055125 0.09382407407407407
0 0.42936979166666667 0.7436944444444445 0.06105208333333333 0.11539814814814814
0 0.923203125 0.6245092592592593 0.06984375 0.1832777777777778
0 0.8802447916666666 0.3622962962962963 0.04211458333333333 0.12180555555555557
0 0.8850625 0.6785185185185185 0.05855208333333333 0.2285925925925926
0 0.984109375 0.5662777777777778 0.031781250000000004 0.12305555555555556
0 0.863859375 0.5168888888888888 0.049666666666666665 0.13609259259259257
0 0.778671875 0.5331481481481481 0.037218749999999995 0.07759259259259259
0 0.7018958333333334 0.49256481481481484 0.05183333333333333 0.1270740740740741
0 0.6953072916666667 0.2122962962962963 0.03738020833333333 0.08266666666666667
0 0.5263072916666667 0.2168425925925926 0.04284375 0.09175925925925925
0 0.5774895833333333 0.35233333333333333 0.030265625 0.04424074074074074
0 0.6150572916666667 0.35168518518518516 0.024395833333333335 0.06893518518518518
0 0.9293958333333333 0.43275 0.03742708333333333 0.06531481481481483
0 0.3064739583333333 0.4776666666666667 0.049229166666666664 0.12588888888888888
0 0.327140625 0.3817407407407407 0.040802083333333336 0.06079629629629629
0 0.16588541666666667 0.3212962962962963 0.03057291666666667 0.16741666666666666
0 0.325390625 0.7436851851851851 0.10097916666666666 0.18014814814814814
0 0.978625 0.9608703703703704 0.042749999999999996 0.07825925925925925
0 0.7860677083333333 0.7493240740740741 0.06813541666666666 0.08481481481481482
0 0.22028125 0.47314814814814815 0.0479375 0.09114814814814814
0 0.3100364583333333 0.8576574074074074 0.04758333333333333 0.08309259259259259
0 0.5038072916666666 0.3091574074074074 0.0256875 0.09411111111111112
0 0.6484947916666666 0.5178981481481482 0.04613020833333333 0.0600925925925926
0 0.35034375 0.6142314814814814 0.04193229166666667 0.06750925925925925
0 0.11141666666666666 0.4389351851851852 0.033484375000000004 0.11667592592592593
0 0.550421875 0.7852962962962963 0.041942708333333335 0.06837962962962962