0 0.6900000000000001 0.09977083333333334 0.164015625 0.19954166666666667
0 0.589484375 0.11889583333333334 0.08453125 0.14277083333333335
0 0.7071875000000001 0.25704166666666667 0.145328125 0.18589583333333334
0 0.83321875 0.1489375 0.094671875 0.13027083333333334
0 0.826984375 0.5802083333333333 0.34603125 0.5854166666666667
0 0.841375 0.27112499999999995 0.047093750000000004 0.05985416666666667
0 0.9797343749999999 0.26787500000000003 0.040531250000000005 0.08114583333333333
0 0.5823750000000001 0.22554166666666667 0.079 0.08439583333333332
0 0.49349999999999994 0.2676458333333333 0.062328125 0.0853125
0 0.339515625 0.41504166666666664 0.082078125 0.13472916666666668
0 0.25340625 0.5055416666666667 0.092921875 0.11662499999999999
0 0.9387656249999999 0.8428333333333333 0.12245312500000001 0.31435416666666666
0 0.60859375 0.9516249999999999 0.14809375 0.09674999999999999
0 0.65840625 0.7661041666666667 0.072765625 0.14702083333333332
0 0.61275 0.8670000000000001 0.054671875 0.07104166666666667