0 0.12796875000000002 0.628 0.1352109375 0.23565277777777777
0 0.03984375 0.11018055555555556 0.0796875 0.22036111111111112
0 0.3060625 0.3928888888888889 0.10640625 0.22440277777777776
0 0.17860937500000001 0.3822222222222222 0.0781953125 0.08831944444444445
0 0.21700781249999998 0.186875 0.049125 0.13209722222222223
0 0.44916406249999996 0.2597638888888889 0.08396875000000001 0.24544444444444444
0 0.9011015625000001 0.25219444444444444 0.128640625 0.1909861111111111
0 0.7517968749999999 0.6646666666666666 0.0620234375 0.12777777777777777
0 0.5642265625 0.45266666666666666 0.0599609375 0.11130555555555556
0 0.7193203125000001 0.39376388888888886 0.061882812499999995 0.11068055555555555
0 0.6036953125 0.18004166666666666 0.081875 0.07754166666666666
0 0.5801406250000001 0.10545833333333335 0.05639062500000001 0.06779166666666667
0 0.663984375 0.22856944444444444 0.055359375 0.09933333333333333
0 0.6383359375000001 0.41161111111111115 0.051968749999999994 0.09898611111111111
0 0.3233359375 0.5836666666666667 0.057499999999999996 0.10212500000000001
0 0.228609375 0.68075 0.0615390625 0.14868055555555554
0 0.38665625000000003 0.7240277777777777 0.09310937500000001 0.16861111111111113
0 0.9799453124999999 0.7547638888888888 0.0401015625 0.11045833333333334
0 0.814890625 0.5409722222222222 0.063453125 0.09490277777777778
0 0.9734296875 0.9149166666666667 0.0531484375 0.141125
0 0.9363125 0.7380555555555556 0.064546875 0.09186111111111112
0 0.8936953125 0.5845555555555555 0.0891875 0.14747222222222223
0 0.8407031249999999 0.38383333333333336 0.0502890625 0.07870833333333334
0 0.459140625 0.4355833333333333 0.039234375 0.07333333333333333
0 0.5047734375 0.3650694444444445 0.0409921875 0.068875
0 0.5514218750000001 0.3531666666666667 0.0387734375 0.07526388888888888
0 0.574609375 0.30415277777777777 0.051859375 0.07908333333333332
0 0.5628984375 0.6696944444444445 0.029390624999999997 0.06425
0 0.293640625 0.8272916666666666 0.0835859375 0.13204166666666667