0 0.1181953125 0.03958333333333333 0.0531875 0.07916666666666666
0 0.037109375 0.03958333333333333 0.07421875 0.07916666666666666
0 0.307765625 0.2651527777777778 0.1323828125 0.18359722222222222
0 0.028125 0.28111111111111114 0.05625 0.19331944444444443
0 0.09944531250000001 0.3766805555555555 0.0386015625 0.15497222222222223
0 0.0307265625 0.5560555555555555 0.0614609375 0.32863888888888887
0 0.1083046875 0.4963055555555555 0.041726562499999995 0.08701388888888889
0 0.256734375 0.6692083333333333 0.23444531249999997 0.6615694444444444
0 0.37378125 0.8607361111111111 0.1227578125 0.20202777777777778
0 0.14384375 0.6224444444444445 0.0684140625 0.2097361111111111
0 0.34734375 0.6689027777777778 0.09489062499999999 0.13781944444444444
0 0.4571015625 0.5751805555555556 0.0706875 0.1475972222222222
0 0.5341796875 0.1952222222222222 0.0415390625 0.07470833333333333
0 0.47884374999999996 0.17069444444444445 0.069140625 0.05343055555555555
0 0.7531718749999999 0.6807083333333334 0.08792187500000001 0.18455555555555556
0 0.9760390624999999 0.9423611111111111 0.0479140625 0.11527777777777778
0 0.7349375 0.8938472222222222 0.0422734375 0.10620833333333334
0 0.4646484375 0.43727777777777777 0.032945312500000004 0.049555555555555554
0 0.5218046875 0.4206388888888889 0.0456953125 0.07631944444444445
0 0.6156796875 0.37805555555555553 0.0295703125 0.06888888888888889
0 0.681171875 0.3322361111111111 0.041499999999999995 0.07719444444444444
0 0.7414531249999999 0.43290277777777775 0.054070312499999995 0.07493055555555556
0 0.535734375 0.5726805555555555 0.044914062500000004 0.07316666666666667
0 0.8372734375 0.6698472222222223 0.054234375 0.084125
0 0.9281484375 0.7869583333333333 0.08494531250000001 0.09829166666666667
0 0.9082343749999999 0.6862777777777778 0.0581328125 0.08458333333333333
0 0.9392265625 0.6545972222222223 0.0517578125 0.10376388888888888