0 0.15557291666666667 0.6792685185185185 0.2675 0.48724074074074075
0 0.28225 0.8474537037037037 0.13133333333333333 0.3050925925925926
0 0.39291666666666664 0.6150648148148148 0.15478645833333332 0.3541296296296296
0 0.6691979166666666 0.23762037037037037 0.10744270833333333 0.2247685185185185
0 0.8695677083333333 0.22625925925925927 0.07076041666666667 0.13173148148148148
0 0.853296875 0.38108333333333333 0.088203125 0.17857407407407408
0 0.728953125 0.6328518518518519 0.06865104166666666 0.13799999999999998
0 0.6346927083333332 0.794148148148148 0.10092708333333333 0.19039814814814815
0 0.5941927083333333 0.5640740740740741 0.08630729166666667 0.17351851851851852
0 0.9300260416666667 0.1839259259259259 0.06190625 0.0902037037037037
0 0.8671979166666667 0.12762037037037038 0.07871874999999999 0.13491666666666668
0 0.9859322916666666 0.053120370370370366 0.02813541666666667 0.09499074074074075
0 0.8199062500000001 0.753 0.0901875 0.17637037037037037
0 0.7487656250000001 0.9161481481481482 0.06318229166666667 0.1077037037037037
0 0.923890625 0.6770185185185185 0.08604687500000001 0.08910185185185185
0 0.35578125 0.023046296296296297 0.06260416666666667 0.04608333333333334