0 0.296453125 0.7092291666666667 0.19290625 0.27227083333333335
0 0.638765625 0.2155 0.502546875 0.4310208333333333
0 0.78809375 0.4521875 0.254359375 0.5317500000000001
0 0.937375 0.39075 0.09468750000000001 0.20185416666666667
0 0.9512656249999999 0.39375 0.09746875 0.14770833333333336
0 0.937546875 0.5095 0.07003125 0.10229166666666667
0 0.5447031250000001 0.7656875 0.13696875 0.159375
0 0.438984375 0.4599375 0.08559375 0.21522916666666667
0 0.49731249999999994 0.5291875 0.047734375 0.17866666666666667
0 0.29628125 0.5411874999999999 0.11270312499999999 0.0860625
0 0.12356249999999999 0.9086458333333333 0.11121875 0.11729166666666666
0 0.05778124999999999 0.7771666666666667 0.041125 0.06495833333333333
0 0.123734375 0.703875 0.044906249999999995 0.08389583333333334
0 0.2646875 0.24891666666666667 0.054640625 0.04010416666666667
0 0.09925 0.8152291666666667 0.046375 0.06152083333333334
0 0.882859375 0.8033333333333333 0.10701562499999999 0.1024375
0 0.688546875 0.76675 0.049828125 0.08579166666666667
0 0.44567187500000005 0.9357916666666667 0.058390624999999995 0.12841666666666668
0 0.403921875 0.5604166666666667 0.048984375000000004 0.06177083333333333
0 0.5452343749999999 0.5817708333333333 0.08621875 0.08325
0 0.427921875 0.6569791666666667 0.042453125 0.10347916666666666
0 0.5925312500000001 0.493 0.074015625 0.06020833333333333
0 0.320828125 0.332625 0.044484375 0.051395833333333335
0 0.31940625 0.4778541666666667 0.043578125 0.04504166666666667