0 0.46453125 0.8625 0.298015625 0.275
0 0.15973958333333332 0.9041666666666667 0.30083333333333334 0.19166666666666668
0 0.1990625 0.7787962962962963 0.310734375 0.36221296296296296
0 0.19279166666666667 0.47011111111111115 0.18922916666666667 0.30591666666666667
0 0.4447395833333333 0.23102777777777778 0.2021875 0.46205555555555555
0 0.6389947916666666 0.2365833333333333 0.18867708333333333 0.4731666666666666
0 0.96171875 0.3604444444444444 0.0765625 0.11810185185185185
0 0.9669270833333333 0.23849074074074073 0.06614583333333333 0.12882407407407406
0 0.17079687500000001 0.03611111111111111 0.08965104166666667 0.07222222222222222
0 0.0359375 0.07083333333333333 0.071875 0.14166666666666666
0 0.08174479166666666 0.03958333333333333 0.06359895833333333 0.07916666666666666
0 0.920078125 0.5673148148148148 0.074015625 0.15222222222222223
0 0.8892239583333333 0.7026944444444444 0.08781770833333334 0.10354629629629629
0 0.7941770833333333 0.49742592592592594 0.10085416666666666 0.16985185185185184
0 0.8594062499999999 0.03958333333333333 0.09329166666666668 0.07916666666666666
0 0.9604166666666667 0.08852777777777777 0.07916666666666666 0.17705555555555555