0 0.087625 0.1263125 0.17265625 0.23904166666666665
0 0.218796875 0.2987083333333333 0.1378125 0.21370833333333333
0 0.423734375 0.314125 0.078328125 0.1226875
0 0.5290781250000001 0.6097291666666667 0.175171875 0.2953541666666667
0 0.21121875 0.5948958333333334 0.10601562499999999 0.1028125
0 0.053421874999999994 0.8309375 0.098703125 0.13072916666666667
0 0.346796875 0.9111041666666666 0.258859375 0.17777083333333332
0 0.830953125 0.6187291666666667 0.11260937499999998 0.16160416666666666
0 0.41471875 0.0476875 0.10200000000000001 0.095375
0 0.620265625 0.15275 0.06589062500000001 0.08893749999999999
0 0.756421875 0.36445833333333333 0.11046875 0.1389375
0 0.795640625 0.065625 0.096921875 0.10112499999999999
0 0.97846875 0.4655416666666667 0.0430625 0.10689583333333334