0 0.1711875 0.27537500000000004 0.342359375 0.4594375
0 0.97153125 0.06620833333333334 0.056937499999999995 0.13241666666666668
0 0.6578906250000001 0.5360416666666666 0.2578125 0.36283333333333334
0 0.8150000000000001 0.8672291666666666 0.14153125 0.17795833333333333
0 0.8420781249999999 0.34312499999999996 0.04571875 0.09154166666666666
0 0.899875 0.32872916666666663 0.044687500000000005 0.13339583333333332
0 0.561015625 0.24497916666666666 0.055734375 0.06772916666666666
0 0.47074999999999995 0.2577083333333333 0.069609375 0.07929166666666668
0 0.40756249999999994 0.211 0.109546875 0.17152083333333332
0 0.346625 0.6557499999999999 0.057437499999999996 0.10608333333333334
0 0.463109375 0.6631250000000001 0.098765625 0.11235416666666667
0 0.8484999999999999 0.7144999999999999 0.064109375 0.13177083333333334
0 0.37059375 0.024541666666666666 0.08590624999999999 0.04908333333333333