0 0.59121875 0.8291875 0.22434375 0.3312916666666667
0 0.33328125000000003 0.7667291666666666 0.123015625 0.15083333333333335
0 0.084875 0.7010000000000001 0.0781875 0.109125
0 0.49929687500000003 0.36475 0.26756250000000004 0.374625
0 0.898078125 0.5612499999999999 0.081953125 0.12875
0 0.9454375 0.3113125 0.109109375 0.14277083333333335
0 0.7315625 0.39791666666666664 0.073859375 0.1389166666666667
0 0.17028125 0.15025000000000002 0.094859375 0.167875
0 0.188109375 0.30385416666666665 0.051375000000000004 0.15216666666666667
0 0.08278125 0.0444375 0.08234375000000001 0.08889583333333334
0 0.255953125 0.47829166666666667 0.0745625 0.12254166666666667
0 0.233546875 0.40279166666666666 0.056859375000000004 0.09308333333333334
0 0.074578125 0.51475 0.059687500000000004 0.07739583333333333
0 0.34187500000000004 0.5430208333333333 0.058953124999999995 0.09577083333333333
0 0.245265625 0.5968333333333333 0.059453124999999996 0.12697916666666667
0 0.432109375 0.08018750000000001 0.0581875 0.11116666666666666
0 0.586515625 0.13447916666666665 0.089171875 0.1189375
0 0.63390625 0.3939375 0.055609375 0.12745833333333334
0 0.71815625 0.5881666666666666 0.07203125 0.06104166666666667
0 0.8542031250000001 0.5352291666666668 0.04121875 0.083625
0 0.571421875 0.5725416666666666 0.066015625 0.06452083333333333
0 0.847828125 0.31133333333333335 0.0626875 0.10112499999999999
0 0.8806406250000001 0.13585416666666666 0.0595625 0.10783333333333332
0 0.64796875 0.2275 0.058750000000000004 0.11054166666666668
0 0.6617656249999999 0.2903333333333334 0.0571875 0.0765
0 0.6760937499999999 0.1379375 0.065 0.08422916666666666
0 0.74834375 0.069625 0.071703125 0.13922916666666665
0 0.516078125 0.11764583333333332 0.044656249999999995 0.08875000000000001
0 0.254 0.14683333333333334 0.06023437499999999 0.10287500000000001
0 0.868140625 0.83825 0.105390625 0.11329166666666667
0 0.610859375 0.49114583333333334 0.046718749999999996 0.057979166666666665
0 0.024875 0.10375 0.049734375 0.13041666666666668
0 0.117796875 0.3064791666666667 0.047578125 0.07752083333333333
0 0.223921875 0.0288125 0.050078124999999994 0.057645833333333334
0 0.16415625 0.6436875000000001 0.047203125 0.07489583333333334
0 0.83115625 0.08314583333333332 0.049812499999999996 0.1642708333333333
0 0.975390625 0.054000000000000006 0.04921875 0.10797916666666667
0 0.9629218749999999 0.16016666666666665 0.05125 0.059229166666666666
0 0.031375 0.30093749999999997 0.062765625 0.07241666666666666
0 0.10009375000000001 0.23010416666666667 0.033 0.0636875
0 0.311921875 0.23670833333333335 0.053015625 0.0838125