0 0.0736953125 0.5265277777777778 0.14739843749999998 0.5706388888888889
0 0.2280859375 0.8451388888888889 0.1354921875 0.30972222222222223
0 0.0372421875 0.8760138888888889 0.0744765625 0.20479166666666665
0 0.09125 0.02454166666666667 0.09927343749999999 0.04906944444444444
0 0.23732812499999997 0.11481944444444445 0.12481249999999999 0.22962500000000002
0 0.26975 0.22579166666666667 0.0625859375 0.10488888888888888
0 0.33107031249999996 0.17465277777777777 0.05192187499999999 0.10994444444444444
0 0.38640625 0.12768055555555557 0.10010156249999999 0.11594444444444445
0 0.4025546875 0.4742361111111111 0.151140625 0.4938472222222222
0 0.2331640625 0.5374722222222222 0.06023437499999999 0.11568055555555556
0 0.3780703125 0.7439583333333333 0.0959375 0.34170833333333334
0 0.32742187500000003 0.5390833333333334 0.0761953125 0.19759722222222223
0 0.6934140625 0.3694305555555556 0.1058828125 0.34441666666666665
0 0.59003125 0.2579166666666666 0.0675546875 0.14918055555555554
0 0.55409375 0.7623749999999999 0.0581875 0.28770833333333334
0 0.33406250000000004 0.9238472222222222 0.043328125 0.15231944444444445
0 0.66034375 0.9284722222222223 0.0626484375 0.14305555555555555
0 0.8931328125 0.6207777777777778 0.0658125 0.09711111111111112
0 0.7079921875 0.7994166666666668 0.0454765625 0.13958333333333334
0 0.637296875 0.6888194444444444 0.043640625 0.09429166666666666
0 0.6191953125 0.4134305555555556 0.10504687500000001 0.10834722222222223
0 0.5097031249999999 0.44725 0.08007031249999999 0.09252777777777778
0 0.5547421875 0.44976388888888885 0.046468749999999996 0.10231944444444445
0 0.5655546874999999 0.6094444444444445 0.0394375 0.09758333333333334
0 0.542375 0.36554166666666665 0.0503828125 0.06348611111111112
0 0.635859375 0.08472222222222223 0.0550546875 0.16944444444444445
0 0.7547265624999999 0.24981944444444446 0.0610234375 0.146875
0 0.8538125000000001 0.04190277777777778 0.0767421875 0.08379166666666667
0 0.26258593750000003 0.3604444444444444 0.0454765625 0.11811111111111113