0 0.19319791666666666 0.460037037037037 0.15319270833333334 0.43271296296296297
0 0.05677083333333333 0.7483518518518518 0.11354166666666667 0.3282962962962963
0 0.3489114583333333 0.95625 0.13342708333333334 0.0875
0 0.7056510416666666 0.7049537037037037 0.12828125 0.4876851851851852
0 0.8204427083333333 0.3821759259259259 0.35911458333333335 0.7643518518518518
0 0.4494166666666667 0.22880555555555557 0.04675 0.1035
0 0.5491510416666666 0.29935185185185187 0.06107291666666667 0.10703703703703703
0 0.2661041666666667 0.6006296296296296 0.06988020833333333 0.20033333333333334
0 0.16141666666666668 0.5700925925925926 0.07491666666666667 0.1577777777777778
0 0.07991666666666666 0.5106296296296297 0.041203125 0.11753703703703704
0 0.5792291666666666 0.7578055555555555 0.06081770833333333 0.09179629629629629
0 0.84209375 0.889712962962963 0.05084895833333333 0.09650925925925927
0 0.8892291666666666 0.8614444444444445 0.04758854166666667 0.09696296296296296
0 0.5718020833333333 0.643925925925926 0.04152083333333333 0.06933333333333333
0 0.48978125 0.6679722222222222 0.0548125 0.1915
0 0.40202604166666667 0.20332407407407407 0.05844270833333333 0.07700925925925926
0 0.20569270833333334 0.20960185185185184 0.07611979166666667 0.1280185185185185
0 0.22118229166666667 0.06798148148148149 0.030380208333333332 0.13349074074074072
0 0.09879687499999999 0.0887962962962963 0.03730208333333333 0.06407407407407407
0 0.626484375 0.14758333333333332 0.03630208333333333 0.10391666666666667
0 0.653828125 0.04923148148148148 0.054526041666666664 0.09228703703703704
0 0.43952604166666664 0.9438333333333334 0.045947916666666665 0.09506481481481481
0 0.018359375 0.11401851851851852 0.03671875 0.07381481481481482