0 0.098859375 0.5662083333333333 0.197734375 0.3627291666666667
0 0.05340625 0.8232083333333333 0.1068125 0.09677083333333333
0 0.183484375 0.98125 0.09667187499999999 0.0375
0 0.373234375 0.8000624999999999 0.12625 0.1675625
0 0.230921875 0.5912291666666667 0.098390625 0.20064583333333333
0 0.18134375 0.3233333333333333 0.0696875 0.13075
0 0.09428125000000001 0.17791666666666667 0.12734375 0.09752083333333333
0 0.5912499999999999 0.1318125 0.187609375 0.2636458333333333
0 0.8786875000000001 0.20472916666666666 0.24260937500000002 0.40947916666666667
0 0.8483437500000001 0.8676458333333333 0.224328125 0.25347916666666664
0 0.691390625 0.9234791666666666 0.1123125 0.15302083333333333
0 0.9568125000000001 0.8054166666666667 0.086359375 0.13991666666666666
0 0.832421875 0.6561666666666667 0.096109375 0.19793750000000002
0 0.6303124999999999 0.7535000000000001 0.12084375 0.12745833333333334
0 0.565984375 0.6346041666666667 0.07315625 0.1320625
0 0.32465625 0.5439166666666666 0.07771875 0.08327083333333334
0 0.357609375 0.18095833333333333 0.05271875 0.07327083333333334
0 0.39809375 0.1198125 0.05096874999999999 0.06839583333333334
0 0.8151093749999999 0.40041666666666664 0.06921875 0.09006249999999999
0 0.736125 0.29722916666666666 0.07964062499999999 0.0956875
0 0.9511406250000001 0.38035416666666666 0.097734375 0.122625
0 0.745921875 0.2029375 0.050953125 0.07970833333333333