0 0.2523046875 0.13551388888888888 0.0714375 0.13120833333333334
0 0.1209296875 0.348875 0.07115625 0.12273611111111112
0 0.35841406249999996 0.5374583333333334 0.1274375 0.2267638888888889
0 0.572984375 0.7131944444444445 0.22954687499999998 0.5736111111111111
0 0.192671875 0.9053194444444445 0.12298437499999999 0.18934722222222225
0 0.46725781250000004 0.5300555555555555 0.076421875 0.17493055555555556
0 0.18251562500000001 0.8121527777777777 0.0860078125 0.09561111111111112
0 0.0352890625 0.943513888888889 0.0705703125 0.11295833333333333
0 0.81384375 0.9620416666666666 0.075953125 0.07593055555555556
0 0.879078125 0.36366666666666664 0.1251796875 0.1708611111111111
0 0.6746640625 0.34956944444444443 0.0808828125 0.11024999999999999
0 0.70746875 0.45625 0.056929687500000006 0.09674999999999999
0 0.75278125 0.37409722222222225 0.07047656249999999 0.07598611111111112
0 0.9381796874999999 0.5238194444444444 0.05384375 0.13929166666666667
0 0.84065625 0.6659305555555556 0.0516328125 0.08572222222222223
0 0.8441796874999999 0.5798194444444444 0.049140625 0.09390277777777778
0 0.663984375 0.9223055555555555 0.086609375 0.09369444444444444
0 0.59784375 0.18018055555555554 0.0730546875 0.08627777777777777
0 0.7421015625 0.8982361111111111 0.0657890625 0.10111111111111111
0 0.8016015624999999 0.8875972222222223 0.0535625 0.08908333333333333
0 0.3392734375 0.37872222222222224 0.074578125 0.14077777777777778
0 0.33107031249999996 0.8422361111111111 0.041507812500000005 0.09095833333333332