0 0.3627109375 0.3909722222222222 0.13186718749999998 0.2162083333333333
0 0.2246875 0.39473611111111107 0.1400078125 0.22069444444444444
0 0.1458046875 0.2683333333333333 0.091734375 0.165375
0 0.033984375 0.2771388888888889 0.06796875 0.09963888888888889
0 0.124703125 0.6142916666666667 0.07960937500000001 0.15820833333333334
0 0.1055625 0.7320972222222223 0.0803984375 0.074375
0 0.1838203125 0.751986111111111 0.06778125 0.08638888888888889
0 0.32546875000000003 0.5825972222222222 0.0696875 0.11797222222222221
0 0.3120625 0.7677222222222222 0.0638984375 0.09933333333333333
0 0.48157812499999997 0.9701388888888889 0.06340625 0.059722222222222225
0 0.8897421874999999 0.9203749999999999 0.1096953125 0.1592638888888889
0 0.9655234374999999 0.943513888888889 0.05645312500000001 0.11295833333333333
0 0.8090234374999999 0.4745277777777778 0.06215625 0.10091666666666667
0 0.3745546875 0.6180416666666667 0.04025 0.13058333333333333
0 0.42572656249999996 0.6351527777777778 0.06834375000000001 0.08709722222222223
0 0.6913203125 0.7043472222222222 0.0670234375 0.07372222222222222
0 0.455671875 0.8998888888888888 0.044914062500000004 0.07615277777777778
0 0.588734375 0.9461527777777778 0.0652421875 0.07191666666666667
0 0.4951171875 0.15611111111111112 0.05715625 0.09370833333333334
0 0.649015625 0.19244444444444445 0.035828125 0.06915277777777777
0 0.98125 0.08183333333333334 0.0375 0.07940277777777778
0 0.7384609375 0.7073333333333333 0.0314140625 0.07577777777777778
0 0.79509375 0.2248472222222222 0.061375 0.07838888888888888