0 0.144765625 0.9135416666666667 0.08178125 0.16104166666666667
0 0.85765625 0.9156666666666666 0.083109375 0.10997916666666667
0 0.77471875 0.8369791666666667 0.07334375 0.09572916666666667
0 0.389796875 0.4916875 0.09182812500000001 0.13947916666666668
0 0.13768750000000002 0.48204166666666665 0.07153125 0.13724999999999998
0 0.9396093750000001 0.4922916666666667 0.080796875 0.10895833333333332
0 0.39396875 0.3793958333333334 0.070640625 0.10522916666666667
0 0.198484375 0.5434375 0.077515625 0.1370625
0 0.06775 0.6382291666666667 0.09546875 0.131
0 0.22528125000000002 0.8636250000000001 0.053937500000000006 0.08066666666666666
0 0.332890625 0.7598125 0.056171875 0.0704375
0 0.20881249999999998 0.760625 0.050187499999999996 0.07766666666666668
0 0.44662499999999994 0.7285208333333333 0.06015625 0.121875
0 0.9630468750000001 0.5577500000000001 0.07390624999999999 0.12789583333333335
0 0.510640625 0.106125 0.040765625 0.06433333333333333
0 0.54953125 0.08333333333333333 0.050359375 0.10770833333333334
0 0.4130625 0.14754166666666665 0.04596875 0.07485416666666667
0 0.332359375 0.1486458333333333 0.044703124999999996 0.07708333333333334
0 0.473953125 0.3575625 0.065984375 0.114
0 0.498234375 0.31293750000000004 0.061203125000000004 0.078125
0 0.43546874999999996 0.2615 0.059328124999999995 0.06922916666666666
0 0.62178125 0.38352083333333337 0.067015625 0.08527083333333334
0 0.69340625 0.22414583333333335 0.078890625 0.180625
0 0.960296875 0.2562083333333333 0.07884375 0.09758333333333334
0 0.9154687499999999 0.3282083333333333 0.05175 0.0691875
0 0.73146875 0.475 0.10565625000000001 0.14881250000000001
0 0.597796875 0.16866666666666666 0.03990625 0.072625
0 0.10559375 0.12335416666666667 0.048125 0.05985416666666667
0 0.12259374999999999 0.01891666666666667 0.040921875 0.0378125
0 0.768359375 0.07514583333333333 0.046453125 0.03933333333333333
0 0.070984375 0.24870833333333334 0.06984375000000001 0.07627083333333333
0 0.118890625 0.27329166666666665 0.048484375 0.069125
0 0.061406249999999996 0.3395208333333333 0.066515625 0.05579166666666667
0 0.024078125 0.41622916666666665 0.046468749999999996 0.14466666666666667
0 0.10232812499999999 0.4184583333333334 0.052234375 0.07014583333333334
0 0.10225 0.5248958333333333 0.06476562500000001 0.11585416666666666
0 0.7544375 0.015583333333333334 0.035421875000000005 0.0311875
0 0.866 0.28695833333333337 0.0405 0.050104166666666665
0 0.836078125 0.3532083333333333 0.042609375 0.05614583333333333
0 0.9496874999999999 0.36297916666666663 0.06475 0.07566666666666667
0 0.6256406250000001 0.6480833333333333 0.06221875 0.06520833333333334
0 0.6834374999999999 0.6676249999999999 0.05121875 0.07702083333333333
0 0.7193125 0.3232708333333333 0.045921875 0.0589375
0 0.533796875 0.6207291666666667 0.061406249999999996 0.06889583333333334