0 0.24982812499999998 0.9368125 0.15190625 0.12639583333333335
0 0.050265625 0.912875 0.100515625 0.11672916666666668
0 0.2055625 0.7915625 0.094609375 0.1345
0 0.10646875 0.7450625 0.09523437500000001 0.0556875
0 0.275484375 0.6751041666666667 0.061546875 0.10645833333333334
0 0.37234375000000003 0.8354583333333333 0.09696875 0.13552083333333334
0 0.01184375 0.61175 0.023703125 0.09435416666666667
0 0.16884375000000001 0.466 0.11074999999999999 0.09995833333333333
0 0.47871874999999997 0.6955625 0.126421875 0.196
0 0.9004218749999999 0.6549375000000001 0.177921875 0.30225
0 0.7302500000000001 0.3127083333333333 0.1683125 0.21497916666666667
0 0.72803125 0.6035208333333333 0.34354687500000003 0.5605208333333334
0 0.753546875 0.5483750000000001 0.14460937499999998 0.30439583333333337
0 0.72453125 0.1572083333333333 0.093125 0.11233333333333334
0 0.9040781250000001 0.09420833333333332 0.07518749999999999 0.06620833333333334
0 0.47546875 0.51525 0.08865625 0.1235625
0 0.263625 0.05239583333333333 0.026734374999999998 0.04172916666666667
0 0.297875 0.04791666666666667 0.06884375000000001 0.09583333333333334
0 0.407625 0.3529791666666667 0.06546874999999999 0.08720833333333333
0 0.15712500000000001 0.5701041666666666 0.045640625000000004 0.12214583333333334
0 0.30281250000000004 0.5916250000000001 0.060828125 0.06797916666666667
0 0.20881249999999998 0.6685208333333333 0.055125 0.058562499999999997
0 0.081734375 0.28652083333333334 0.061390625 0.0758125
0 0.16246875 0.24141666666666667 0.05840625000000001 0.06995833333333333
0 0.413484375 0.5482291666666667 0.047796875 0.11312499999999999
0 0.583125 0.757375 0.087609375 0.097375
0 0.734421875 0.6943750000000001 0.0308125 0.09289583333333334
0 0.97409375 0.9697916666666667 0.051828125 0.06041666666666667
0 0.664765625 0.7545833333333333 0.07984375 0.13347916666666665
0 0.56503125 0.6672916666666667 0.038390625 0.05266666666666667
0 0.032140625 0.24227083333333335 0.037703125 0.07168749999999999
0 0.10153125 0.12131249999999999 0.044859375 0.04627083333333334
0 0.255953125 0.3837083333333334 0.0433125 0.07575
0 0.322609375 0.45487500000000003 0.048328125 0.058333333333333334
0 0.854078125 0.3425625 0.029359375 0.08027083333333333
0 0.92815625 0.42691666666666667 0.04328125 0.04760416666666667
0 0.45814062499999997 0.9272916666666667 0.037359375 0.0656875
0 0.35359375000000004 0.41824999999999996 0.053015625 0.09272916666666667
0 0.44148437500000004 0.024979166666666667 0.049859375 0.04795833333333333
0 0.23628125 0.017541666666666667 0.043578125 0.035062499999999996