0 0.36974479166666663 0.41120370370370374 0.23758854166666668 0.40537962962962965
0 0.6250625 0.7713888888888889 0.1983125 0.36591666666666667
0 0.20361458333333332 0.8775462962962963 0.17402604166666666 0.2449074074074074
0 0.8953125 0.9493055555555555 0.209375 0.10138888888888889
0 0.5554010416666666 0.9643518518518519 0.05898958333333334 0.0712962962962963
0 0.6348229166666666 0.484462962962963 0.14493229166666666 0.218
0 0.36830729166666665 0.13412037037037036 0.08681770833333333 0.11916666666666666
0 0.9604166666666667 0.388712962962963 0.07916666666666666 0.13090740740740742
0 0.9472916666666666 0.2896296296296296 0.10499479166666667 0.0968611111111111
0 0.948046875 0.8313518518518519 0.10390625 0.17566666666666667
0 0.9805989583333333 0.17650000000000002 0.038802083333333334 0.08773148148148148
0 0.7876770833333333 0.9493055555555555 0.08402604166666668 0.10138888888888889
0 0.6814270833333332 0.9736111111111111 0.04722916666666667 0.05277777777777778