0 0.15555729166666668 0.040740740740740744 0.06580729166666667 0.08148148148148149
0 0.04375 0.3358981481481481 0.0875 0.22641666666666665
0 0.015755208333333333 0.686037037037037 0.031510416666666666 0.08875
0 0.130828125 0.46040740740740743 0.08261458333333334 0.15137037037037035
0 0.11272916666666667 0.9122685185185185 0.07975 0.17546296296296296
0 0.30919791666666663 0.9574074074074074 0.08525 0.08518518518518518
0 0.7807760416666666 0.95625 0.06397395833333333 0.0875
0 0.6842968749999999 0.8706944444444444 0.06682291666666668 0.1525
0 0.7889791666666667 0.5936759259259259 0.13870833333333332 0.306787037037037
0 0.87490625 0.9828703703703704 0.06060416666666667 0.03425925925925926
0 0.53275 0.6196018518518518 0.09908333333333334 0.2660462962962963
0 0.6400260416666667 0.5427870370370371 0.04255208333333334 0.1309537037037037
0 0.48275 0.4791574074074074 0.04283333333333333 0.12867592592592592
0 0.29813541666666665 0.6342685185185185 0.06311979166666666 0.11492592592592593
0 0.6216770833333333 0.20972222222222223 0.18945833333333334 0.41944444444444445
0 0.7160624999999999 0.22344444444444445 0.05536979166666667 0.12188888888888888
0 0.899125 0.8871296296296296 0.06946354166666667 0.09741666666666667
0 0.5468072916666666 0.9347962962962963 0.06055208333333333 0.12793518518518518
0 0.09059375 0.6911203703703703 0.045890625 0.12669444444444444
0 0.04215625 0.9179074074074074 0.055151041666666664 0.09878703703703703
0 0.40371875 0.9377314814814814 0.05766145833333333 0.12453703703703704