0 0.6491484375 0.16458333333333333 0.2673203125 0.32916666666666666
0 0.18290625 0.04652777777777778 0.061789062500000005 0.09305555555555556
0 0.1352578125 0.1607777777777778 0.0685546875 0.11919444444444444
0 0.094625 0.4430972222222222 0.1106015625 0.128625
0 0.0894296875 0.6418333333333334 0.11853906249999999 0.1438472222222222
0 0.44760156249999994 0.7519722222222222 0.08709375 0.2159861111111111
0 0.6561796875 0.9597222222222223 0.15431250000000002 0.08055555555555556
0 0.679609375 0.6974166666666667 0.086609375 0.15238888888888888
0 0.9341484375 0.61225 0.0749375 0.13752777777777778
0 0.715546875 0.8520000000000001 0.1293203125 0.15804166666666666
0 0.95796875 0.8399166666666666 0.0690625 0.11411111111111111
0 0.4968125 0.26281944444444444 0.08345312499999999 0.12343055555555556
0 0.37820312500000003 0.5810138888888888 0.100359375 0.09354166666666666
0 0.0115859375 0.3632222222222222 0.0231796875 0.086625
0 0.21910156249999999 0.9496111111111112 0.0779453125 0.08348611111111111
0 0.8000859374999999 0.5355277777777777 0.0298203125 0.058361111111111114
0 0.7256484375000001 0.47368055555555555 0.07234375 0.11252777777777777