0 0.20984375000000002 0.045375000000000006 0.12268749999999999 0.09075000000000001
0 0.02309375 0.09435416666666667 0.0461875 0.09000000000000001
0 0.494703125 0.034958333333333334 0.082453125 0.06991666666666667
0 0.8903437500000001 0.03958333333333333 0.13668750000000002 0.07916666666666666
0 0.105671875 0.28318750000000004 0.10878125000000001 0.11972916666666666
0 0.39296875 0.3486875 0.1359375 0.15079166666666666
0 0.5721406250000001 0.4233541666666667 0.172390625 0.26245833333333335
0 0.760484375 0.5035000000000001 0.10471875 0.12358333333333334
0 0.863078125 0.4625416666666667 0.132171875 0.1453125
0 0.56934375 0.5928125000000001 0.12757812500000001 0.15787500000000002
0 0.281703125 0.554625 0.08353125 0.13702083333333331
0 0.6549375000000001 0.48452083333333335 0.09359375 0.15225
0 0.138140625 0.9111041666666666 0.13760937499999998 0.17777083333333332
0 0.9602499999999999 0.8982500000000001 0.079515625 0.10110416666666668
0 0.8498906249999999 0.8524166666666667 0.07521875 0.1113125
0 0.926953125 0.6067083333333334 0.092796875 0.130125
0 0.82296875 0.6076250000000001 0.11746875000000001 0.12827083333333333