0 0.13559375 0.5749166666666666 0.2711875 0.348
0 0.131203125 0.8365208333333333 0.19315625 0.32695833333333335
0 0.3343125 0.8750833333333333 0.141109375 0.1844375
0 0.541921875 0.33172916666666663 0.100859375 0.1718125
0 0.7323593749999999 0.2000625 0.07625 0.19087500000000002
0 0.45409375 0.034958333333333334 0.10293749999999999 0.06991666666666667
0 0.35217187499999997 0.06425 0.1064375 0.09977083333333334
0 0.897109375 0.21508333333333332 0.10578125000000001 0.30887499999999996
0 0.7557968749999999 0.41325 0.089796875 0.14666666666666667
0 0.9094374999999999 0.9793958333333334 0.1054375 0.04120833333333333
0 0.73253125 0.8278958333333333 0.059921875 0.09004166666666666
0 0.6422656250000001 0.9031458333333333 0.09284375 0.19370833333333334
0 0.27928125000000004 0.4669375 0.094921875 0.131875