0 0.58703125 0.10787037037037037 0.15270833333333333 0.21574074074074073
0 0.6600833333333332 0.1742037037037037 0.12045833333333333 0.19418518518518518
0 0.6395104166666666 0.36419444444444443 0.1043125 0.20772222222222222
0 0.798875 0.4309907407407408 0.14808333333333332 0.3212407407407407
0 0.5867708333333332 0.27740740740740744 0.09490104166666667 0.1451851851851852
0 0.9884114583333333 0.32988888888888884 0.023177083333333334 0.18662037037037038
0 0.9552083333333333 0.6013240740740741 0.08958333333333333 0.1878425925925926
0 0.8424895833333333 0.8607407407407408 0.08117187499999999 0.20202777777777778
0 0.9421875 0.7644722222222222 0.115625 0.19468518518518518
0 0.924609375 0.9273148148148148 0.15078125 0.14537037037037037
0 0.9302395833333333 0.8020092592592593 0.07753645833333334 0.10987962962962963
0 0.7784322916666666 0.9481481481481482 0.04886979166666667 0.1037037037037037
0 0.42182291666666666 0.6309351851851852 0.112609375 0.30260185185185184
0 0.35671354166666663 0.787675925925926 0.11134375 0.22187037037037038
0 0.48105729166666666 0.9238425925925926 0.08527604166666666 0.15231481481481482
0 0.5667291666666666 0.7975740740740741 0.06497916666666667 0.11737037037037037
0 0.36635416666666665 0.9331018518518519 0.10374479166666667 0.1337962962962963
0 0.262203125 0.5706203703703704 0.1662239583333333 0.2578333333333333
0 0.20321875 0.6386296296296297 0.06283854166666666 0.11255555555555556
0 0.2567291666666667 0.4123055555555556 0.04696354166666667 0.05594444444444445
0 0.18616145833333334 0.5358888888888889 0.08913541666666666 0.13285185185185183
0 0.16077604166666667 0.7135648148148148 0.10084895833333334 0.1854537037037037
0 0.09892708333333333 0.6094444444444445 0.060473958333333334 0.09758333333333333
0 0.08486979166666667 0.8418148148148148 0.09901041666666667 0.17839814814814814
0 0.030729166666666665 0.8892685185185185 0.06145833333333333 0.2214722222222222
0 0.03916666666666667 0.7205092592592592 0.068015625 0.1345462962962963
0 0.022916666666666665 0.6510925925925926 0.04583333333333333 0.10681481481481482
0 0.5889895833333333 0.9049537037037038 0.04909895833333333 0.10989814814814815
0 0.23146875 0.8623703703703703 0.08184895833333333 0.09881481481481481