0 0.080703125 0.9134305555555555 0.159421875 0.17315277777777777
0 0.2411015625 0.8902777777777777 0.057374999999999995 0.21944444444444444
0 0.186546875 0.7214861111111112 0.0579921875 0.15980555555555556
0 0.0409921875 0.076625 0.0799921875 0.1532361111111111
0 0.393703125 0.24329166666666666 0.26259375 0.48656944444444444
0 0.4637421875 0.5250138888888889 0.0860546875 0.1592222222222222
0 0.41140625000000003 0.7335555555555555 0.081359375 0.41344444444444445
0 0.2616796875 0.7233333333333333 0.0839375 0.1375972222222222
0 0.3308046875 0.5712916666666666 0.03609375 0.08520833333333333
0 0.369734375 0.5582916666666667 0.043640625 0.12955555555555556
0 0.3236484375 0.4560138888888889 0.060828125 0.10091666666666667
0 0.588859375 0.569625 0.06782031250000001 0.22165277777777778
0 0.912921875 0.33319444444444446 0.1095546875 0.24441666666666664
0 0.5235000000000001 0.017597222222222222 0.0576796875 0.035180555555555555
0 0.73390625 0.9469861111111112 0.09521093750000001 0.10601388888888888
0 0.870859375 0.9550972222222222 0.1370390625 0.08981944444444445
0 0.948203125 0.308125 0.078171875 0.20793055555555556
0 0.9716953125 0.45862499999999995 0.0468203125 0.0745138888888889
0 0.9864609375000001 0.3794166666666667 0.0270859375 0.1097638888888889
0 0.9246953124999999 0.7321527777777778 0.04446875 0.07376388888888889
0 0.750875 0.40493055555555557 0.040531250000000005 0.07077777777777777
0 0.6240625 0.8772083333333334 0.0547890625 0.12840277777777778
0 0.7373359374999999 0.8413472222222222 0.036546875 0.08908333333333333
0 0.6255 0.09647222222222221 0.0543125 0.09048611111111111
0 0.381765625 0.8825277777777777 0.062382812499999996 0.16218055555555555
0 0.9838828124999999 0.8225972222222222 0.032242187500000005 0.0932638888888889
0 0.37239062500000003 0.719388888888889 0.0396953125 0.08129166666666666
0 0.3531171875 0.9651527777777777 0.046765625 0.06355555555555556
0 0.48618750000000005 0.7978333333333334 0.0256484375 0.1279861111111111