0 0.018359375 0.18919444444444444 0.03671875 0.12747222222222224
0 0.14749218749999998 0.9330972222222222 0.1221953125 0.13379166666666667
0 0.1791328125 0.5793611111111111 0.07715625000000001 0.12075
0 0.317140625 0.555513888888889 0.10321875 0.17954166666666668
0 0.114421875 0.6085138888888889 0.04771875 0.09573611111111112
0 0.12067187500000001 0.40858333333333335 0.0560546875 0.10326388888888888
0 0.5177734375 0.3553472222222222 0.1003828125 0.17272222222222222
0 0.41712499999999997 0.26768055555555553 0.0550859375 0.13684722222222223
0 0.554234375 0.1873472222222222 0.07956250000000001 0.14227777777777778
0 0.6422421875000001 0.22552777777777777 0.059781249999999994 0.12143055555555557
0 0.7897578125 0.07280555555555555 0.048609374999999996 0.09375
0 0.6660703125 0.5265833333333333 0.1032734375 0.16336111111111112
0 0.8612343750000001 0.6992083333333333 0.106171875 0.20305555555555554
0 0.9786484375000001 0.6138333333333333 0.042703124999999995 0.1295138888888889
0 0.3179375 0.043694444444444445 0.078875 0.08738888888888889
0 0.07353125 0.31056944444444445 0.036421875 0.07270833333333333
0 0.17776562499999998 0.35062499999999996 0.046703125 0.08141666666666666
0 0.8817187499999999 0.2542361111111111 0.0316484375 0.07116666666666667
0 0.8524843750000001 0.3742361111111111 0.0320859375 0.06909722222222223
0 0.88853125 0.838375 0.05597656250000001 0.09261111111111112
0 0.8552734375 0.9724166666666666 0.04659375 0.05515277777777778
0 0.42874999999999996 0.6570694444444444 0.0826796875 0.15065277777777777
0 0.603421875 0.4739166666666667 0.0278828125 0.08301388888888889
0 0.5056015625 0.7750555555555555 0.06553125 0.0803611111111111
0 0.240515625 0.425625 0.036671875 0.0636111111111111