0 0.0697890625 0.14490277777777777 0.13958593749999998 0.2898194444444444
0 0.2426640625 0.28915277777777776 0.08549999999999999 0.19774999999999998
0 0.1805546875 0.29683333333333334 0.042890625 0.08780555555555555
0 0.5192109375 0.13680555555555557 0.25115625 0.27361111111111114
0 0.385359375 0.0925 0.06446874999999999 0.11220833333333334
0 0.46713281249999994 0.29662499999999997 0.15740625 0.23175
0 0.5082734375 0.41555555555555557 0.054296875 0.11426388888888889
0 0.5462890625 0.32272222222222224 0.06159375 0.1121111111111111
0 0.77934375 0.2859027777777778 0.12152343750000001 0.23755555555555555
0 0.93596875 0.3553472222222222 0.1077421875 0.17272222222222222
0 0.7816796874999999 0.15495833333333334 0.06544531249999999 0.0775
0 0.907578125 0.6559305555555556 0.1219296875 0.22298611111111113
0 0.79678125 0.6214583333333333 0.0956484375 0.15866666666666665
0 0.8790703125 0.9388888888888889 0.0731015625 0.12222222222222222
0 0.9591406250000001 0.7075555555555556 0.0457734375 0.090125
0 0.48040625 0.6288611111111111 0.09439062499999999 0.1919861111111111
0 0.6818203125 0.39168055555555553 0.0714453125 0.14816666666666667
0 0.789625 0.9446805555555555 0.0566875 0.11065277777777778
0 0.38601562500000003 0.9643472222222222 0.1034921875 0.07129166666666667
0 0.1291328125 0.7663194444444444 0.11464062500000001 0.2539166666666667
0 0.36296875 0.8806388888888889 0.09489062499999999 0.17702777777777776
0 0.426640625 0.925 0.08475 0.15
0 0.17340625 0.9469861111111112 0.11985937499999999 0.10601388888888888
0 0.0426796875 0.38080555555555556 0.04796875 0.12179166666666666
0 0.037343749999999995 0.5069305555555556 0.0352109375 0.0916388888888889
0 0.08981249999999999 0.4622916666666667 0.0526640625 0.04856944444444444
0 0.26753125 0.7304722222222223 0.043578125 0.08501388888888889
0 0.8319375000000001 0.8929166666666666 0.0579921875 0.141375
0 0.8803750000000001 0.816125 0.0652890625 0.10479166666666667
0 0.0442421875 0.7464305555555555 0.065671875 0.11230555555555556
0 0.7764765625 0.7258472222222222 0.0387109375 0.09427777777777777
0 0.317140625 0.6767777777777777 0.0303046875 0.1072638888888889
0 0.17378906249999998 0.6465000000000001 0.0748125 0.10608333333333332