0 0.661546875 0.2825833333333333 0.11809375 0.13564583333333333
0 0.20378124999999997 0.02304166666666667 0.06929687500000001 0.04608333333333334
0 0.13559375 0.31054166666666666 0.0855625 0.11841666666666667
0 0.234140625 0.24245833333333333 0.086359375 0.12183333333333332
0 0.30865624999999997 0.47127083333333336 0.12337499999999998 0.15579166666666666
0 0.24653125 0.8883541666666667 0.130171875 0.14358333333333334
0 0.3828125 0.9309791666666667 0.16 0.1380625
0 0.420015625 0.46810416666666665 0.08665625 0.14102083333333332
0 0.594015625 0.5607916666666667 0.0843125 0.12104166666666667
0 0.47450000000000003 0.782375 0.13864062500000002 0.17041666666666666
0 0.535046875 0.8519583333333334 0.088796875 0.13764583333333333
0 0.761140625 0.8414166666666667 0.062609375 0.10247916666666666
0 0.8435937499999999 0.792 0.060078125 0.06345833333333334
0 0.74346875 0.5855833333333333 0.125765625 0.17345833333333335
0 0.6403125000000001 0.4598125 0.0636875 0.09216666666666667
0 0.881453125 0.5074583333333333 0.092140625 0.09247916666666667
0 0.9473750000000001 0.600875 0.10525 0.12529166666666666
0 0.613796875 0.04679166666666667 0.076625 0.09358333333333334
0 0.74465625 0.12077083333333333 0.10615625 0.0895625
0 0.783703125 0.24845833333333334 0.069046875 0.08427083333333334
0 0.8404375 0.2648125 0.06642187499999999 0.08322916666666667
0 0.9136562500000001 0.1948125 0.065109375 0.093375
0 0.723421875 0.4237708333333333 0.0814375 0.09393750000000001
0 0.83028125 0.3936875 0.06298437500000001 0.0865625
0 0.6101093750000001 0.39347916666666666 0.07781249999999999 0.09485416666666667
0 0.79103125 0.3320625 0.052265625 0.050458333333333334
0 0.5274062500000001 0.9558541666666667 0.10596874999999999 0.08829166666666667
0 0.5009375 0.5899791666666666 0.060875 0.13135416666666666
0 0.033484375 0.3701666666666667 0.06696875 0.0576875
0 0.8417031250000001 0.6039583333333333 0.09992187500000001 0.1065