0 0.325078125 0.9284722222222223 0.097546875 0.14305555555555555
0 0.8196953125 0.9446805555555555 0.089390625 0.11065277777777778
0 0.7845390625 0.7336944444444444 0.138875 0.23033333333333333
0 0.5856796875 0.5775694444444445 0.0875 0.19834722222222223
0 0.6715390625000001 0.5363611111111111 0.0871328125 0.17820833333333333
0 0.5020546875 0.34131944444444445 0.0918671875 0.15466666666666667
0 0.3709140625 0.40120833333333333 0.1024453125 0.11518055555555556
0 0.40033593749999996 0.05629166666666667 0.076171875 0.11256944444444444
0 0.028125 0.2072638888888889 0.05625 0.15584722222222222
0 0.017710937500000003 0.40305555555555556 0.035414062499999996 0.16702777777777778
0 0.02421875 0.866763888888889 0.0484375 0.16777777777777778
0 0.9406484374999999 0.6381666666666667 0.089109375 0.10422222222222223
0 0.5732890625 0.03741666666666667 0.054906250000000004 0.06865277777777777
0 0.687140625 0.15045833333333333 0.0508359375 0.10472222222222223
0 0.2013203125 0.3655694444444444 0.06253906249999999 0.08281944444444445
0 0.053984374999999994 0.32819444444444446 0.06728125 0.06647222222222222