0 0.928609375 0.43202083333333335 0.14278125 0.2704791666666667
0 0.757734375 0.7382083333333332 0.09078125000000001 0.10397916666666666
0 0.629609375 0.6351875 0.12893749999999998 0.21522916666666667
0 0.12137500000000001 0.8758125 0.135140625 0.17727083333333335
0 0.165359375 0.49435416666666665 0.18659375 0.2765208333333333
0 0.49056249999999996 0.8474791666666667 0.074390625 0.11095833333333333
0 0.42928125 0.7399791666666666 0.07221875 0.09789583333333333
0 0.370625 0.5315625 0.054906250000000004 0.07210416666666666
0 0.277 0.4588541666666667 0.07146875 0.1983125
0 0.31859375 0.42568750000000005 0.07003125 0.11402083333333332
0 0.043390625 0.455875 0.08678125 0.11772916666666666
0 0.086515625 0.3528541666666667 0.075046875 0.083375
0 0.6359843749999999 0.14829166666666668 0.09148437499999999 0.13035416666666666
0 0.3409375 0.335375 0.05639062500000001 0.06433333333333333
0 0.31665625 0.26647916666666666 0.051109375 0.0611875
0 0.374109375 0.20720833333333333 0.0458125 0.06441666666666666
0 0.8900625 0.3401666666666667 0.126609375 0.17006249999999998
0 0.7400625 0.27912499999999996 0.07082812499999999 0.1153125
0 0.6621875 0.35877083333333337 0.063125 0.091875
0 0.39153125 0.2698541666666667 0.037125000000000005 0.051875
0 0.033640625 0.29435416666666664 0.0461875 0.13614583333333333
0 0.070765625 0.27610416666666665 0.044906249999999995 0.06758333333333333
0 0.366171875 0.064625 0.053984374999999994 0.10616666666666667
0 0.404390625 0.05083333333333333 0.057078125 0.09783333333333334
0 0.9646874999999999 0.08 0.058687500000000004 0.11127083333333333
0 0.75471875 0.09010416666666667 0.059453124999999996 0.057770833333333334
0 0.70796875 0.1508125 0.0645 0.09264583333333333
0 0.7912656250000001 0.09185416666666667 0.05559375 0.11575
0 0.8608437500000001 0.16668750000000002 0.072171875 0.050666666666666665
0 0.836453125 0.11572916666666666 0.030593749999999996 0.057749999999999996
0 0.7930625 0.21345833333333333 0.040453125 0.041666666666666664
0 0.267859375 0.0393125 0.054484374999999995 0.06195833333333333
0 0.129171875 0.12741666666666665 0.04153125 0.09075000000000001
0 0.151171875 0.08033333333333334 0.049453125 0.079875
0 0.186015625 0.066875 0.047046875 0.06579166666666666
0 0.038921875 0.0378125 0.06446874999999999 0.07564583333333334
0 0.031828125 0.15770833333333334 0.04259375 0.0968125
0 0.0109375 0.11189583333333333 0.021875 0.0500625
0 0.8239531250000001 0.3309166666666667 0.044046875 0.05997916666666667
0 0.67671875 0.3035 0.059703125 0.06147916666666667
0 0.6218125 0.30220833333333336 0.047734375 0.058916666666666666
0 0.43648437500000004 0.3030416666666667 0.0385625 0.08366666666666665
0 0.7463124999999999 0.030604166666666665 0.06665625 0.06120833333333333
0 0.84221875 0.0173125 0.04440625 0.034625
0 0.6511250000000001 0.04504166666666667 0.05639062500000001 0.09006249999999999
0 0.67925 0.018583333333333334 0.043421875 0.037187500000000005
0 0.25020312499999997 0.31966666666666665 0.0409375 0.06497916666666667
0 0.192640625 0.33345833333333336 0.052703124999999997 0.0476875
0 0.76278125 0.1809375 0.047031250000000004 0.06314583333333333
0 0.23204687499999999 0.174875 0.035734375 0.07077083333333332