0 0.04830729166666667 0.28637037037037033 0.09661458333333334 0.22923148148148148
0 0.12197395833333333 0.2993425925925926 0.07948958333333334 0.18108333333333332
0 0.28381249999999997 0.521712962962963 0.107375 0.2508333333333333
0 0.16766666666666669 0.5710277777777778 0.056171874999999996 0.12260185185185185
0 0.2053229166666667 0.7492685185185185 0.14977604166666666 0.251
0 0.3771614583333333 0.8188425925925926 0.09828125 0.23399074074074075
0 0.20634375 0.9167500000000001 0.06700520833333333 0.11961111111111111
0 0.13173958333333333 0.8848148148148148 0.07818750000000001 0.1390648148148148
0 0.8458749999999999 0.6232962962962962 0.11085416666666667 0.291962962962963
0 0.7540781249999999 0.5483333333333333 0.07273958333333333 0.21610185185185185
0 0.9571614583333333 0.08125 0.08567708333333333 0.1625
0 0.8874010416666667 0.10477777777777778 0.08938020833333334 0.16637037037037036
0 0.7723125 0.06388888888888888 0.047046875 0.12777777777777777
0 0.6629427083333332 0.03148148148148148 0.03661458333333333 0.06296296296296296
0 0.5430260416666666 0.06041666666666667 0.06991145833333333 0.12083333333333333
0 0.5311770833333334 0.1633148148148148 0.069640625 0.09096296296296295
0 0.6994010416666666 0.10242592592592593 0.047036458333333336 0.07892592592592593
0 0.7546041666666666 0.2549166666666667 0.07204166666666666 0.12927777777777777
0 0.882265625 0.3535 0.06907291666666666 0.11348148148148149
0 0.9740885416666667 0.8914351851851852 0.05182291666666667 0.21712962962962962
0 0.7684010416666667 0.9574074074074074 0.064921875 0.08518518518518518
0 0.79196875 0.8739444444444444 0.07803645833333334 0.11269444444444444
0 0.5774062499999999 0.7575277777777778 0.12175 0.19005555555555556
0 0.4615208333333333 0.5319074074074075 0.07877604166666667 0.1601111111111111
0 0.6073489583333332 0.5863055555555556 0.07748437500000001 0.08834259259259258
0 0.6723125 0.7808888888888889 0.075875 0.25067592592592597
0 0.6234947916666667 0.9747685185185185 0.06603125 0.050462962962962966
0 0.5599531249999999 0.9747685185185185 0.05688541666666667 0.050462962962962966
0 0.89925 0.95625 0.053187500000000006 0.0875
0 0.5583958333333333 0.5666296296296297 0.060812500000000005 0.08697222222222223
0 0.471546875 0.7219444444444445 0.05455729166666667 0.1311203703703704
0 0.49655208333333334 0.6057407407407408 0.06210416666666666 0.10869444444444444
0 0.5645104166666666 0.8841203703703704 0.06860416666666666 0.13305555555555554
0 0.18004166666666668 0.45092592592592595 0.0623125 0.08148148148148149
0 0.3994270833333333 0.6730833333333333 0.06365104166666666 0.08135185185185186