0 0.4665859375 0.8802638888888888 0.1115078125 0.23295833333333332
0 0.49469531250000004 0.6942361111111112 0.1172421875 0.149375
0 0.812328125 0.5002916666666667 0.1143515625 0.1718611111111111
0 0.4854765625 0.3802916666666667 0.074984375 0.12252777777777778
0 0.41312499999999996 0.507736111111111 0.0638984375 0.09708333333333334
0 0.5283671875 0.4673611111111111 0.10370312500000001 0.12980555555555554
0 0.15419531250000001 0.8114722222222223 0.073046875 0.14059722222222223
0 0.0832421875 0.36344444444444446 0.079796875 0.11886111111111111
0 0.1476171875 0.6071527777777778 0.0527109375 0.10904166666666668
0 0.42596875 0.4295277777777778 0.068625 0.08041666666666666
0 0.7681796875 0.12202777777777778 0.05184375 0.13858333333333334
0 0.405484375 0.27149999999999996 0.05615625 0.06973611111111111
0 0.33957031249999997 0.7818472222222221 0.056874999999999995 0.11277777777777778
0 0.5751796875 0.2325 0.0518125 0.1115