0 0.8344374999999999 0.745 0.255421875 0.415
0 0.634265625 0.6775416666666667 0.11159375 0.27547916666666666
0 0.34176562499999996 0.6934791666666666 0.085609375 0.137125
0 0.38742187499999997 0.5037291666666667 0.055703125 0.10922916666666667
0 0.14925 0.6104166666666667 0.10149999999999999 0.15975
0 0.3848125 0.8223333333333334 0.060609375 0.13447916666666665
0 0.45773437499999997 0.8720833333333334 0.085234375 0.09047916666666667
0 0.736515625 0.9019375000000001 0.062625 0.10852083333333334
0 0.984546875 0.5824166666666667 0.030906250000000003 0.17406249999999998
0 0.25584375000000004 0.9701458333333334 0.10359375 0.05972916666666667
0 0.06975 0.8454791666666667 0.059125000000000004 0.0881875
0 0.118171875 0.9433958333333333 0.09767187499999999 0.10024999999999999
0 0.2280625 0.4078958333333333 0.061921875 0.06022916666666667
0 0.56084375 0.9190625 0.044609375 0.09645833333333333