0 0.0229140625 0.127875 0.0458359375 0.15758333333333333
0 0.0899453125 0.09222222222222223 0.11750000000000001 0.18445833333333334
0 0.23419531249999997 0.12073611111111113 0.056421874999999996 0.12055555555555555
0 0.2257421875 0.034958333333333334 0.082890625 0.06990277777777777
0 0.299296875 0.11018055555555556 0.0928671875 0.220375
0 0.42325 0.23868055555555553 0.075890625 0.40234722222222224
0 0.6159453125 0.08240277777777777 0.075921875 0.16481944444444444
0 0.5675 0.33679166666666666 0.17093750000000002 0.3948888888888889
0 0.9535390625 0.27158333333333334 0.06541406250000001 0.12556944444444443
0 0.6618984375 0.2755138888888889 0.02828125 0.12880555555555556
0 0.7212734375000001 0.45902777777777776 0.07620312500000001 0.12081944444444444
0 0.632859375 0.7456944444444444 0.1714453125 0.38398611111111114
0 0.705 0.5872222222222222 0.0436484375 0.10870833333333332
0 0.5023984375 0.8815555555555556 0.1657421875 0.23441666666666666
0 0.7956171875 0.9261527777777778 0.11240625 0.14768055555555556
0 0.9243828125 0.9701388888888889 0.0970703125 0.059722222222222225
0 0.7204921875 0.851013888888889 0.1246328125 0.26590277777777777
0 0.9786484375000001 0.6649583333333333 0.042710937500000004 0.2271388888888889
0 0.937265625 0.7864722222222222 0.09796875000000001 0.07665277777777778
0 0.9018515624999999 0.8908333333333333 0.0792265625 0.08630555555555555
0 0.9428671874999999 0.8448055555555556 0.0340546875 0.06593055555555555
0 0.2808125 0.3493194444444444 0.053476562500000005 0.16994444444444445
0 0.41140625000000003 0.5284305555555556 0.06053125 0.22259722222222222
0 0.317390625 0.8196111111111111 0.1004140625 0.22281944444444446
0 0.40150781249999995 0.8160694444444445 0.0698984375 0.19141666666666665
0 0.264140625 0.7836805555555556 0.059015625 0.1451527777777778
0 0.102703125 0.9176805555555556 0.06594531249999999 0.10294444444444445
0 0.1043984375 0.7839166666666666 0.075578125 0.14098611111111112
0 0.019664062500000003 0.9044861111111111 0.039320312499999996 0.13674999999999998
0 0.082265625 0.621 0.07296875 0.1484861111111111
0 0.123796875 0.37016666666666664 0.0498046875 0.09125
0 0.2218359375 0.3958472222222222 0.0646640625 0.09170833333333334
0 0.2149375 0.3062916666666667 0.07585937499999999 0.11165277777777778
0 0.1180703125 0.25816666666666666 0.05084375 0.07095833333333333
0 0.3322421875 0.9306388888888888 0.041765625 0.11034722222222222
0 0.544203125 0.6545694444444444 0.044921875 0.06284722222222222
0 0.069109375 0.5242916666666667 0.034171875000000004 0.056916666666666664