0 0.30567968749999996 0.10681944444444444 0.0428046875 0.07383333333333333
0 0.306203125 0.3578888888888889 0.06259375 0.12690277777777778
0 0.41986718749999996 0.5717222222222222 0.0462109375 0.05456944444444444
0 0.8607109375 0.9077222222222221 0.0906875 0.15247222222222223
0 0.788453125 0.7267916666666666 0.047734375 0.089
0 0.834546875 0.7008472222222223 0.0527890625 0.09984722222222223
0 0.25490625 0.8954583333333334 0.0558125 0.09555555555555555
0 0.3624453125 0.8852916666666666 0.0542734375 0.07519444444444444
0 0.3403125 0.47129166666666666 0.041249999999999995 0.06666666666666667
0 0.32525781249999997 0.66175 0.033460937499999996 0.05265277777777777
0 0.540578125 0.41788888888888887 0.050101562499999995 0.08509722222222223
0 0.9815390624999999 0.10479166666666667 0.0369140625 0.15331944444444445
0 0.3229140625 0.8644583333333333 0.0303359375 0.058083333333333334
0 0.3651015625 0.23219444444444445 0.039718750000000004 0.05397222222222222
0 0.5490703124999999 0.9611388888888889 0.054593749999999996 0.05351388888888889
0 0.037390625 0.2722777777777778 0.023265625 0.06818055555555556