0 0.026171875 0.18185185185185185 0.05234375 0.2575925925925926
0 0.059869791666666665 0.5386203703703704 0.08651041666666666 0.18741666666666668
0 0.19397916666666667 0.7537037037037037 0.21933333333333332 0.4925925925925926
0 0.5373125000000001 0.8243055555555555 0.30609895833333334 0.35138888888888886
0 0.5857447916666667 0.4322962962962963 0.24048958333333334 0.8405185185185186
0 0.335890625 0.38287037037037036 0.12821875 0.2324074074074074
0 0.965625 0.9435185185185185 0.06875 0.11296296296296296
0 0.9144895833333333 0.06612962962962964 0.085609375 0.12978703703703703
0 0.8837604166666666 0.40902777777777777 0.07414583333333334 0.16898148148148148
0 0.9144895833333333 0.34262037037037035 0.07519270833333333 0.14264814814814816
0 0.7978333333333333 0.09223148148148148 0.11058854166666668 0.1844537037037037
0 0.10127083333333334 0.043055555555555555 0.050583333333333334 0.08611111111111111
0 0.30359375 0.11611111111111112 0.057187499999999995 0.1298148148148148
0 0.7374166666666666 0.6846944444444445 0.07307812500000001 0.21949074074074076
0 0.3266458333333333 0.5613425925925926 0.055567708333333334 0.12824074074074074
0 0.389265625 0.6880740740740741 0.05665625 0.3844814814814815
0 0.22469791666666666 0.354 0.053723958333333335 0.11699999999999999
0 0.09879166666666667 0.4182962962962963 0.066859375 0.11344444444444444
0 0.19461979166666668 0.04189814814814815 0.039760416666666666 0.0837962962962963
0 0.35854166666666665 0.20308333333333334 0.036041666666666666 0.09968518518518518