0 0.1476875 0.2966666666666667 0.24003125 0.47241666666666665
0 0.397328125 0.09977083333333334 0.20604687500000002 0.19954166666666667
0 0.244375 0.030333333333333334 0.11653125 0.06064583333333333
0 0.797640625 0.289125 0.259578125 0.382875
0 0.496625 0.8315833333333333 0.14634375 0.22704166666666667
0 0.73878125 0.9516249999999999 0.13075 0.09674999999999999
0 0.390203125 0.9504583333333334 0.16125 0.09908333333333334
0 0.8991875 0.9447916666666667 0.10162500000000001 0.1104375
0 0.88459375 0.8491875 0.091421875 0.07708333333333334
0 0.701796875 0.55 0.104296875 0.16479166666666664
0 0.8731406249999999 0.5863333333333334 0.04953125 0.09679166666666666
0 0.031421875 0.8547291666666667 0.06284375 0.12520833333333334
0 0.626296875 0.815625 0.064078125 0.14420833333333333