0 0.040614583333333336 0.9474074074074075 0.054609374999999995 0.10518518518518517
0 0.11414583333333334 0.9383703703703704 0.036703124999999996 0.07229629629629629
0 0.20549479166666668 0.9298148148148149 0.08108854166666667 0.14037037037037037
0 0.18622916666666667 0.6185925925925926 0.092546875 0.4808888888888889
0 0.1005 0.4485092592592593 0.058916666666666666 0.15183333333333332
0 0.34683854166666667 0.5423703703703704 0.05048958333333333 0.1358611111111111
0 0.315484375 0.7371574074074074 0.02778125 0.08197222222222222
0 0.3431875 0.6714074074074075 0.07345833333333333 0.15317592592592594
0 0.27371874999999996 0.7436388888888888 0.034229166666666665 0.06531481481481483
0 0.27778125000000004 0.6858518518518518 0.0406875 0.08578703703703704
0 0.41933333333333334 0.6986296296296296 0.06383333333333334 0.078
0 0.43599479166666666 0.48108333333333336 0.05281770833333333 0.23178703703703704
0 0.469328125 0.38153703703703706 0.030515625 0.10804629629629629
0 0.4657864583333333 0.4840833333333333 0.04176041666666667 0.05849074074074074
0 0.5832708333333334 0.46499074074074076 0.059875 0.1514537037037037
0 0.20497395833333334 0.8367314814814815 0.06338541666666667 0.08013888888888888
0 0.38621354166666666 0.8341203703703703 0.092578125 0.2008425925925926
0 0.45911979166666667 0.9474074074074075 0.07176041666666667 0.10518518518518517
0 0.8020052083333333 0.9816666666666667 0.035984375 0.03666666666666667
0 0.8509635416666667 0.9751851851851853 0.04223958333333333 0.04962962962962963
0 0.7443124999999999 0.8547222222222223 0.029776041666666666 0.18074074074074073
0 0.7704479166666667 0.8052499999999999 0.0261875 0.18752777777777777
0 0.654515625 0.8109999999999999 0.05236458333333334 0.06941666666666667
0 0.6207708333333334 0.7536111111111111 0.02654166666666667 0.06575
0 0.6685833333333334 0.8835925925925926 0.034088541666666666 0.06688888888888889
0 0.05051041666666667 0.4648148148148148 0.057734375 0.06592592592592593
0 0.011041666666666667 0.8698703703703704 0.022083333333333333 0.07604629629629629
0 0.03353125 0.8587685185185185 0.027109374999999998 0.06864814814814815
0 0.24631250000000002 0.399787037037037 0.04695833333333333 0.07642592592592592