0 0.80121875 0.18555555555555556 0.2236015625 0.2687083333333333
0 0.324953125 0.6187361111111112 0.120921875 0.1801111111111111
0 0.3239140625 0.6252222222222222 0.120921875 0.18566666666666667
0 0.24500000000000002 0.7927638888888888 0.11188281250000001 0.20243055555555556
0 0.0404921875 0.9446805555555555 0.0809921875 0.11065277777777778
0 0.6150390625 0.5527916666666667 0.14284375 0.1962638888888889
0 0.3306796875 0.46873611111111113 0.0865546875 0.13099999999999998
0 0.24396874999999998 0.43819444444444444 0.0881015625 0.14397222222222222
0 0.0848671875 0.4146388888888889 0.1094296875 0.1531388888888889
0 0.9565078124999999 0.8741527777777778 0.0869765625 0.21961111111111112
0 0.8915625 0.9095833333333333 0.0768828125 0.082125
0 0.616984375 0.9248472222222222 0.053007812499999994 0.10340277777777779
0 0.71371875 0.9063611111111112 0.05485156249999999 0.08170833333333333
0 0.8876640625000001 0.5851388888888889 0.0715390625 0.10916666666666666
0 0.946515625 0.5460277777777778 0.0684296875 0.1615
0 0.407890625 0.9010138888888889 0.049328125 0.10666666666666666
0 0.58365625 0.8387638888888889 0.057171875000000004 0.11641666666666665
0 0.51971875 0.7691111111111111 0.093609375 0.12247222222222223
0 0.6316953125 0.026305555555555558 0.0363046875 0.050152777777777775
0 0.6656796875000001 0.23733333333333334 0.044164062500000004 0.14965277777777777
0 0.7103359375 0.3301527777777778 0.0459921875 0.0952361111111111
0 0.10309375000000001 0.6094444444444445 0.0729765625 0.11609722222222223