0 0.7962552083333333 0.8543981481481482 0.18834895833333334 0.2912037037037037
0 0.9571614583333333 0.42055555555555557 0.08567708333333333 0.4790648148148148
0 0.48314583333333333 0.2762685185185185 0.14360416666666667 0.2539537037037037
0 0.5452395833333333 0.7485092592592593 0.07172916666666666 0.1303611111111111
0 0.5348229166666666 0.9388888888888889 0.07173437499999999 0.12222222222222222
0 0.604484375 0.7217129629629631 0.07583333333333334 0.15394444444444444
0 0.08675000000000001 0.8543888888888889 0.091375 0.2467222222222222
0 0.15391666666666665 0.9171018518518519 0.128296875 0.1657962962962963
0 0.31031770833333333 0.24512037037037038 0.07237500000000001 0.11934259259259258
0 0.31678125 0.4575 0.06690104166666666 0.11405555555555556
0 0.38585416666666666 0.46324074074074073 0.056026041666666665 0.09580555555555556
0 0.33905208333333337 0.2048888888888889 0.07200000000000001 0.17950925925925926
0 0.842421875 0.6453888888888889 0.06324479166666667 0.10274074074074073
0 0.8600208333333333 0.2700092592592593 0.11175520833333333 0.13678703703703704
0 0.9800885416666667 0.7331481481481481 0.039828125 0.11925925925925927
0 0.5816614583333333 0.029768518518518517 0.062489583333333334 0.059537037037037034
0 0.7871458333333333 0.1845462962962963 0.059244791666666664 0.10116666666666667
0 0.6796458333333334 0.19387037037037036 0.045385416666666664 0.09329629629629631
0 0.79734375 0.06862037037037037 0.05269791666666667 0.06631481481481481
0 0.43954687499999995 0.01574074074074074 0.06703645833333334 0.03148148148148148
0 0.02294791666666667 0.19166666666666668 0.024546875000000003 0.08166666666666667
0 0.028296875 0.27832407407407406 0.02746875 0.06675925925925925
0 0.3032447916666667 0.7951018518518519 0.05149479166666667 0.11950000000000001
0 0.272328125 0.6405648148148148 0.04124479166666666 0.08234259259259259
0 0.24002083333333332 0.014490740740740742 0.054036458333333336 0.028972222222222222