0 0.07964062499999999 0.12652083333333333 0.08446875000000001 0.15064583333333334
0 0.527203125 0.5711666666666667 0.0796875 0.21352083333333333
0 0.44425 0.26327083333333334 0.197578125 0.332625
0 0.739109375 0.03239583333333333 0.064953125 0.06477083333333333
0 0.620796875 0.1834375 0.055546874999999996 0.06191666666666666
0 0.691671875 0.23570833333333333 0.063234375 0.15433333333333332
0 0.9617968749999999 0.24133333333333334 0.076421875 0.228125
0 0.816390625 0.4217916666666667 0.080875 0.13068749999999998
0 0.902171875 0.5281666666666667 0.1365625 0.30556249999999996
0 0.851890625 0.799375 0.0458125 0.17931249999999999
0 0.904859375 0.7412291666666667 0.0875625 0.12056249999999999
0 0.8895312499999999 0.9432291666666667 0.09098437499999999 0.09022916666666667
0 0.91821875 0.8648333333333333 0.07321875 0.10768749999999999
0 0.72859375 0.6766458333333334 0.078796875 0.07220833333333333
0 0.756875 0.7610833333333333 0.055015625 0.09714583333333333
0 0.38175 0.49864583333333334 0.08396875000000001 0.14047916666666668
0 0.3050625 0.3826041666666667 0.08965625 0.07883333333333334
0 0.338296875 0.4672708333333333 0.093625 0.12683333333333333
0 0.41896875 0.40818750000000004 0.09728125 0.12377083333333333
0 0.222953125 0.3188333333333333 0.078875 0.13583333333333333
0 0.28503124999999996 0.31783333333333336 0.049812499999999996 0.15385416666666665
0 0.06459375 0.43333333333333335 0.058875 0.19543750000000001
0 0.010078125 0.3413333333333333 0.020171875 0.079625
0 0.24071875 0.6217291666666667 0.092984375 0.10633333333333334
0 0.489703125 0.7056041666666667 0.049859375 0.0960625
0 0.79578125 0.8650208333333332 0.09667187499999999 0.14972916666666666
0 0.266421875 0.9670416666666667 0.055781250000000004 0.06591666666666667
0 0.027125 0.974625 0.054265625 0.050749999999999997
0 0.26756250000000004 0.8867916666666668 0.042140625 0.09102083333333333
0 0.41584374999999996 0.7728125 0.061234374999999994 0.14335416666666667
0 0.4770625 0.9227708333333333 0.052125 0.09479166666666666
0 0.056781250000000005 0.8684375000000001 0.10006250000000001 0.10352083333333333
0 0.42153124999999997 0.8568958333333333 0.052390625 0.06908333333333333
0 0.46754687500000003 0.7896666666666667 0.03990625 0.06722916666666667
0 0.54140625 0.8226041666666667 0.085375 0.09522916666666667
0 0.679453125 0.8491041666666667 0.05437499999999999 0.13308333333333333
0 0.12310937500000001 0.7985625 0.06684375000000001 0.058499999999999996
0 0.033203125 0.7985625 0.050624999999999996 0.058499999999999996
0 0.0115 0.7230208333333333 0.023015625 0.0854375
0 0.349796875 0.6094166666666666 0.033921875000000004 0.05520833333333333
0 0.511015625 0.442625 0.049578125 0.073875
0 0.9440781250000001 0.6607291666666666 0.095375 0.08585416666666666
0 0.163875 0.540125 0.046109375 0.0605625
0 0.24895312500000003 0.4778333333333334 0.05946875 0.04583333333333333
0 0.7266250000000001 0.9831458333333334 0.078578125 0.03370833333333333
0 0.707015625 0.9223958333333333 0.066640625 0.07131249999999999
0 0.5813125 0.9462499999999999 0.065203125 0.09629166666666666
0 0.963203125 0.7495625 0.07357812500000001 0.07362500000000001
0 0.549921875 0.2855 0.034234375 0.066125
0 0.905 0.282625 0.062281249999999996 0.075875