0 0.20608333333333334 0.08162962962962962 0.09356249999999999 0.12007407407407408
0 0.29175 0.08533333333333333 0.052437500000000005 0.11267592592592593
0 0.4397760416666667 0.20625 0.147265625 0.4125
0 0.3994270833333333 0.0349537037037037 0.09489583333333333 0.0699074074074074
0 0.5393854166666666 0.09158333333333334 0.06236979166666667 0.1325740740740741
0 0.46478125 0.34474074074074074 0.061848958333333336 0.09848148148148148
0 0.5790989583333332 0.3625648148148148 0.05847395833333333 0.14153703703703704
0 0.6647708333333333 0.36974074074074076 0.09025520833333332 0.14108333333333334
0 0.24136979166666667 0.6771944444444444 0.23913020833333334 0.4099537037037037
0 0.05546875 0.5228518518518518 0.1109375 0.3781111111111111
0 0.28771874999999997 0.3787222222222222 0.12560416666666666 0.14076851851851852
0 0.4155729166666667 0.5530092592592593 0.10427604166666667 0.10787037037037037
0 0.45788541666666666 0.8681574074074074 0.063921875 0.12426851851851853
0 0.7371666666666666 0.8127314814814814 0.28920833333333335 0.37453703703703706
0 0.8911874999999999 0.8914351851851852 0.176484375 0.21712962962962962
0 0.9682291666666667 0.3321944444444444 0.06354166666666666 0.2190185185185185
0 0.787546875 0.38200925925925927 0.12334375 0.17672222222222222
0 0.8720416666666666 0.38478703703703704 0.09236979166666666 0.1896851851851852
0 0.45918749999999997 0.9793981481481482 0.056109375 0.0412037037037037
0 0.21519791666666668 0.9203703703703704 0.184703125 0.15925925925925927