0 0.513484375 0.3687314814814815 0.21053125 0.3754259259259259
0 0.2586875 0.44372222222222224 0.2279375 0.2846666666666667
0 0.03333333333333333 0.49788888888888894 0.06666666666666667 0.16152777777777777
0 0.024869791666666665 0.6987592592592592 0.04973958333333333 0.13733333333333334
0 0.07106770833333333 0.27758333333333335 0.07973958333333334 0.22089814814814815
0 0.47597395833333334 0.9724537037037037 0.11028125000000001 0.055092592592592596
0 0.9105729166666666 0.9493055555555555 0.09927083333333334 0.10138888888888889
0 0.9721354166666667 0.8734814814814815 0.05572916666666667 0.10250925925925926
0 0.448890625 0.7735648148148149 0.12903645833333333 0.2269537037037037
0 0.21870312500000003 0.6795092592592593 0.07491145833333333 0.18908333333333335
0 0.12131770833333334 0.785537037037037 0.06763541666666667 0.13033333333333333
0 0.0203125 0.29544444444444445 0.040625 0.06281481481481482
0 0.12496354166666666 0.41621296296296295 0.05409375 0.09538888888888888
0 0.26855208333333336 0.7281111111111112 0.044661458333333334 0.09131481481481482
0 0.7229687499999999 0.8013611111111112 0.03682291666666667 0.0711574074074074
0 0.7314843750000001 0.6007037037037037 0.03302083333333333 0.06400925925925925
0 0.10442187500000001 0.5734351851851851 0.04228645833333333 0.11265740740740741