0 0.28535937499999997 0.2050972222222222 0.156140625 0.41018055555555555
0 0.5884765625 0.24156944444444445 0.179296875 0.3326111111111111
0 0.557875 0.05579166666666667 0.11392968750000002 0.11156944444444444
0 0.9134453125 0.14668055555555556 0.066859375 0.2723888888888889
0 0.783765625 0.27947222222222223 0.0678828125 0.07159722222222221
0 0.796265625 0.46599999999999997 0.11371093750000001 0.1337361111111111
0 0.42182031249999996 0.36824999999999997 0.1230234375 0.5318611111111111
0 0.1744453125 0.6557083333333333 0.1281875 0.2271527777777778
0 0.4871796875 0.8607222222222223 0.09126562499999999 0.2575694444444444
0 0.781546875 0.39238888888888884 0.05736718750000001 0.04311111111111111
0 0.39747656249999996 0.8614305555555556 0.10140625 0.22655555555555557
0 0.3550234375 0.7788194444444444 0.10014843749999999 0.1659861111111111
0 0.132390625 0.9469861111111112 0.0482421875 0.10601388888888888
0 0.6395078125 0.8443194444444444 0.052234375 0.12752777777777777
0 0.714890625 0.9180555555555555 0.03428125 0.1638888888888889
0 0.7521328125 0.7739999999999999 0.048343750000000005 0.08718055555555557
0 0.9526015624999999 0.6714444444444444 0.0947890625 0.14752777777777779
0 0.9319296874999999 0.47522222222222227 0.06634375 0.10693055555555554
0 0.88440625 0.6217638888888889 0.070375 0.23426388888888888
0 0.89378125 0.791125 0.057874999999999996 0.11773611111111111
0 0.909796875 0.9084583333333334 0.0508359375 0.15622222222222223
0 0.9601875 0.9641944444444445 0.0749375 0.06543055555555556
0 0.85003125 0.9324861111111111 0.074546875 0.13255555555555557
0 0.516078125 0.6779722222222222 0.0342421875 0.08018055555555555
0 0.5587890625 0.6566805555555556 0.03659375 0.08572222222222223
0 0.3874453125 0.9655138888888888 0.0980234375 0.06898611111111111
0 0.3181796875 0.9736111111111111 0.0698828125 0.05277777777777778