0 0.8307578124999999 0.7299722222222222 0.20266406250000002 0.3525277777777778
0 0.39746875 0.960875 0.07566406249999999 0.0782361111111111
0 0.32546875000000003 0.9377361111111111 0.0696875 0.12454166666666668
0 0.7535546875 0.03263888888888889 0.082109375 0.06527777777777778
0 0.6041015625 0.13829166666666665 0.064453125 0.13674999999999998
0 0.4234140625 0.16308333333333333 0.03628125 0.08680555555555555
0 0.5739609375 0.41211111111111115 0.0483125 0.09472222222222222
0 0.4083828125 0.388 0.046554687500000004 0.09366666666666666
0 0.25099218749999996 0.2511111111111111 0.11964843750000001 0.16340277777777779
0 0.022359375 0.4184861111111111 0.0447265625 0.07002777777777779
0 0.4292421875 0.312125 0.0443046875 0.07302777777777777
0 0.6567578125 0.36309722222222224 0.0327421875 0.06609722222222222
0 0.22691406249999999 0.022833333333333334 0.0760625 0.04566666666666667