0 0.85603125 0.234125 0.0645078125 0.08823611111111111
0 0.7447109375000001 0.16701388888888888 0.03975 0.10208333333333333
0 0.66671875 0.06704166666666667 0.052500000000000005 0.07980555555555556
0 0.582609375 0.19015277777777778 0.048835937499999996 0.07431944444444444
0 0.3822421875 0.5895833333333333 0.0980234375 0.21063888888888888
0 0.2312109375 0.8612083333333334 0.06675 0.13815277777777776
0 0.1805546875 0.9042499999999999 0.084546875 0.17793055555555556
0 0.79521875 0.5062222222222222 0.0716875 0.12263888888888888
0 0.90146875 0.3780277777777778 0.069984375 0.07922222222222222
0 0.98515625 0.7677222222222222 0.0296875 0.09933333333333333
0 0.84678125 0.3981944444444444 0.043937500000000004 0.07954166666666668
0 0.22326562499999997 0.1218888888888889 0.038359375 0.122875