0 0.5026796874999999 0.6954722222222223 0.26599218750000003 0.45483333333333337
0 0.511140625 0.9180555555555555 0.19959375 0.1638888888888889
0 0.24397656250000002 0.6501388888888889 0.1922578125 0.327125
0 0.040859374999999996 0.24358333333333332 0.056820312500000004 0.12975
0 0.1529609375 0.17369444444444446 0.053976562500000005 0.147375
0 0.24253906249999999 0.07372222222222222 0.07273437499999999 0.14744444444444443
0 0.31765625000000003 0.18919444444444444 0.0396796875 0.14598611111111112
0 0.16961718750000002 0.052319444444444446 0.07309375 0.104625
0 0.47507031250000004 0.3738472222222222 0.1024609375 0.2097361111111111
0 0.865796875 0.29170833333333335 0.0840390625 0.13341666666666668
0 0.8055078124999999 0.3625277777777777 0.053203125 0.099125
0 0.9101953125 0.3490972222222222 0.1332578125 0.11856944444444445
0 0.7085078125 0.07430555555555556 0.132640625 0.1486111111111111
0 0.8566796875 0.011805555555555555 0.0658125 0.02361111111111111
0 0.9087578125 0.5261666666666667 0.0658203125 0.1245138888888889
0 0.6582578125 0.661513888888889 0.056398437499999995 0.08598611111111111
0 0.2066015625 0.9446805555555555 0.050859375 0.11065277777777778
0 0.282375 0.9354166666666667 0.060765625000000004 0.12916666666666668
0 0.0404921875 0.8075277777777777 0.0809921875 0.10487500000000001
0 0.6598203125000001 0.9678194444444445 0.105359375 0.06434722222222222
0 0.94846875 0.8394583333333333 0.051500000000000004 0.12243055555555557
0 0.8759453125000001 0.7031944444444445 0.0689375 0.07140277777777777
0 0.7316874999999999 0.5337916666666667 0.055374999999999994 0.07684722222222222
0 0.1388984375 0.6908888888888889 0.0404296875 0.13086111111111112
0 0.04203125 0.5631805555555556 0.0675 0.050486111111111114