0 0.35255729166666666 0.8914351851851852 0.13655208333333332 0.21712962962962962
0 0.357109375 0.5242592592592593 0.08317187499999999 0.26055555555555554
0 0.011067708333333334 0.2898611111111111 0.022135416666666668 0.1297222222222222
0 0.03981770833333333 0.18737962962962965 0.05890625 0.11689814814814815
0 0.22053125 0.038425925925925926 0.041229166666666664 0.07685185185185185
0 0.2983854166666667 0.24496296296296297 0.07802083333333334 0.12326851851851851
0 0.47702083333333334 0.3308055555555555 0.07511979166666666 0.18847222222222224
0 0.7629427083333333 0.3483703703703704 0.20119791666666667 0.334712962962963
0 0.42247395833333334 0.8297037037037037 0.15557291666666667 0.3344166666666667
0 0.9547135416666667 0.6538703703703703 0.07556770833333333 0.11237037037037037
0 0.5710260416666666 0.7390740740740741 0.07982291666666666 0.18018518518518517
0 0.5901614583333333 0.16142592592592592 0.06521354166666667 0.10897222222222222
0 0.6359895833333333 0.3209351851851852 0.063125 0.29887037037037034
0 0.483921875 0.18133333333333335 0.053510416666666664 0.12099074074074073
0 0.36296875 0.3407777777777778 0.06364583333333333 0.0834074074074074
0 0.39760416666666665 0.26787962962962963 0.051671875 0.08113888888888889
0 0.26896875 0.40508333333333335 0.10268229166666668 0.22128703703703703
0 0.18655208333333334 0.5964814814814815 0.06491666666666666 0.12721296296296294
0 0.16558333333333333 0.4081111111111111 0.05200520833333333 0.11159259259259259
0 0.16441145833333334 0.9550925925925926 0.08351041666666667 0.08981481481481482
0 0.9610677083333333 0.8972222222222223 0.07786458333333333 0.20555555555555555
0 0.6559166666666666 0.8093518518518519 0.07671354166666666 0.2751851851851852
0 0.5974583333333333 0.9198055555555555 0.07644270833333335 0.16039814814814815
0 0.569328125 0.8600555555555556 0.054802083333333335 0.08493518518518518
0 0.03463541666666667 0.5051203703703704 0.06927083333333334 0.18975925925925927
0 0.03268229166666667 0.3900648148148148 0.06536458333333334 0.10327777777777779
0 0.12092708333333334 0.24636111111111111 0.043416666666666666 0.09827777777777778
0 0.200875 0.4854074074074074 0.05190104166666667 0.09025925925925926
0 0.24409895833333334 0.5101666666666667 0.038364583333333334 0.12587962962962962
0 0.16168229166666667 0.7873703703703704 0.065171875 0.26362962962962966
0 0.22678125000000002 0.8232592592592592 0.033765625 0.13633333333333333
0 0.881671875 0.6576111111111111 0.07792708333333334 0.1394074074074074
0 0.942609375 0.5863055555555556 0.05019791666666666 0.06983333333333333
0 0.473375 0.49164814814814817 0.042578125 0.12588888888888888
0 0.5733697916666666 0.40626851851851853 0.03868229166666667 0.08937962962962963
0 0.713984375 0.13874999999999998 0.10119791666666668 0.1469351851851852
0 0.05375 0.864212962962963 0.07010416666666666 0.19508333333333333
0 0.23159375000000001 0.6892685185185184 0.06787499999999999 0.14150925925925928