0 0.3160989583333333 0.19108333333333333 0.06363541666666667 0.12800925925925927
0 0.4971979166666667 0.32989814814814816 0.06158333333333333 0.11257407407407408
0 0.20347916666666668 0.2861574074074074 0.057109375000000004 0.10380555555555555
0 0.07979166666666666 0.8500833333333334 0.13260416666666666 0.22702777777777777
0 0.3696145833333333 0.7594907407407407 0.20400000000000001 0.4810185185185185
0 0.5215520833333334 0.8640277777777777 0.08502083333333334 0.15249074074074073
0 0.5862604166666666 0.9469907407407407 0.06238020833333333 0.10601851851851851
0 0.32859374999999996 0.5117777777777778 0.0446875 0.13374999999999998
0 0.24943229166666667 0.7114907407407407 0.105109375 0.11557407407407407
0 0.0125 0.9678240740740741 0.025 0.06435185185185185
0 0.011197916666666667 0.16143518518518518 0.022395833333333334 0.09046296296296297
0 0.28380729166666663 0.8144722222222223 0.03844270833333333 0.10949074074074074
0 0.6483541666666667 0.6117777777777778 0.080046875 0.06993518518518518
0 0.7562916666666666 0.5800555555555555 0.0745625 0.07122222222222223