0 0.19736458333333334 0.8578703703703704 0.25943229166666665 0.28425925925925927
0 0.059375 0.6316203703703703 0.11875 0.32712962962962966
0 0.17913541666666666 0.75475 0.16047916666666667 0.22152777777777777
0 0.4854895833333333 0.857787037037037 0.10246354166666666 0.20663888888888887
0 0.9454427083333333 0.25775 0.10911458333333333 0.23542592592592593
0 0.19944791666666667 0.13217592592592592 0.2344375 0.26435185185185184
0 0.24656770833333336 0.3803333333333333 0.07334375 0.16714814814814816
0 0.48171354166666663 0.1529259259259259 0.09699479166666666 0.25525925925925924
0 0.5298854166666667 0.7343888888888889 0.08919270833333333 0.16230555555555554
0 0.31206249999999996 0.736712962962963 0.09514583333333333 0.1391574074074074
0 0.39239583333333333 0.7269907407407408 0.08291666666666667 0.1289814814814815
0 0.5940677083333333 0.6534074074074073 0.057171875 0.08367592592592593
0 0.685078125 0.3898425925925926 0.028802083333333332 0.05190740740740741
0 0.67375 0.3604444444444444 0.033229166666666664 0.08108333333333333
0 0.722703125 0.3236481481481482 0.06031770833333334 0.1324722222222222
0 0.6272708333333333 0.4782314814814815 0.050666666666666665 0.10831481481481482
0 0.42259895833333333 0.25149074074074074 0.08500520833333333 0.17849074074074076
0 0.35606770833333334 0.6082777777777778 0.054010416666666665 0.11841666666666667
0 0.06690104166666666 0.05347222222222222 0.08807291666666667 0.10694444444444444
0 0.3696041666666667 0.13577777777777778 0.07722916666666667 0.1321388888888889
0 0.40229166666666666 0.030324074074074073 0.06313020833333333 0.060648148148148145
0 0.6176354166666667 0.17624074074074075 0.06472916666666667 0.12007407407407408
0 0.5974479166666666 0.08487037037037037 0.09020833333333332 0.14137037037037037
0 0.800171875 0.20076851851851854 0.05903125 0.12283333333333334
0 0.7144999999999999 0.22044444444444444 0.06649479166666666 0.10199074074074074
0 0.7706145833333333 0.47800000000000004 0.0355 0.11248148148148149
0 0.8060260416666666 0.456712962962963 0.043828125 0.10693518518518517
0 0.7973072916666666 0.3606759259259259 0.04913541666666667 0.07691666666666666
0 0.5468020833333332 0.37316666666666665 0.033192708333333334 0.1111574074074074
0 0.18199479166666668 0.38543518518518516 0.045385416666666664 0.09401851851851853
0 0.018359375 0.32575925925925925 0.03671875 0.09013888888888888
0 0.05088020833333333 0.31416666666666665 0.04394791666666666 0.06259259259259259
0 0.09293749999999999 0.3273611111111111 0.036000000000000004 0.06582407407407408
0 0.4656927083333333 0.6538796296296296 0.03503125 0.05683333333333333
0 0.7686666666666666 0.7445833333333333 0.050171875 0.09010185185185185
0 0.8545989583333333 0.544675925925926 0.12205208333333334 0.10601851851851851
0 0.734421875 0.6025277777777778 0.04209375 0.09216666666666667
0 0.7811666666666667 0.5918888888888889 0.06058854166666667 0.10419444444444445
0 0.19631770833333334 0.5050833333333333 0.08444791666666666 0.0509074074074074
0 0.3434375 0.48821296296296296 0.055828125 0.07080555555555555
0 0.9799479166666667 0.9643518518518519 0.04010416666666667 0.0712962962962963
0 0.42598437499999997 0.5714907407407408 0.04178125 0.07725000000000001
0 0.9333645833333333 0.6113240740740741 0.04004166666666666 0.0838425925925926