0 0.11881250000000002 0.6553541666666667 0.086703125 0.12441666666666666
0 0.160375 0.3325416666666667 0.15134375 0.18347916666666667
0 0.06696875 0.7547499999999999 0.076421875 0.1278125
0 0.664828125 0.9724791666666667 0.09426562499999999 0.05502083333333333
0 0.582921875 0.5194791666666666 0.115140625 0.12977083333333334
0 0.8684531249999999 0.034687499999999996 0.105484375 0.06870833333333333
0 0.1446875 0.08283333333333333 0.08056250000000001 0.1396875
0 0.0301875 0.08516666666666667 0.060390624999999996 0.13310416666666666
0 0.077015625 0.050499999999999996 0.086609375 0.08627083333333332
0 0.5152812499999999 0.0520625 0.07553125000000001 0.10414583333333334
0 0.3665 0.5310833333333334 0.17510937499999998 0.2809375
0 0.793203125 0.14385416666666667 0.09226562499999999 0.07889583333333333
0 0.730671875 0.19854166666666667 0.051796875 0.07858333333333332
0 0.75559375 0.7849583333333333 0.099015625 0.1549375
0 0.7961406249999999 0.47402083333333334 0.06225000000000001 0.18389583333333331
0 0.1310625 0.16364583333333332 0.040484375 0.05660416666666667
0 0.08745312499999999 0.12075 0.0465625 0.07479166666666666
0 0.41574999999999995 0.1888125 0.05840625000000001 0.09627083333333333
0 0.373890625 0.22991666666666666 0.038734375 0.08883333333333333
0 0.27737500000000004 0.6561041666666667 0.056703125 0.078625
0 0.28775 0.7345624999999999 0.049046875000000004 0.08079166666666666
0 0.47078125000000004 0.4761666666666667 0.056734375000000004 0.08224999999999999
0 0.356265625 0.30483333333333335 0.030625000000000003 0.04872916666666667
0 0.20720312500000002 0.21733333333333332 0.053421874999999994 0.06445833333333334
0 0.136078125 0.23722916666666669 0.03628125 0.0455625
0 0.8926562499999999 0.7655416666666667 0.15671875 0.22504166666666667
0 0.9715 0.8434583333333333 0.056984375 0.3130833333333333
0 0.8545 0.4451875 0.059109375 0.05366666666666667
0 0.97 0.34312499999999996 0.040765625 0.041875
0 0.92853125 0.3796458333333333 0.06637499999999999 0.08910416666666668
0 0.80315625 0.6466666666666666 0.077828125 0.06258333333333334
0 0.48168749999999994 0.333875 0.082859375 0.10095833333333333
0 0.651765625 0.6941666666666666 0.048953125 0.05585416666666666
0 0.269046875 0.8704583333333333 0.11360937499999998 0.135625
0 0.148640625 0.7606041666666666 0.0394375 0.07525
0 0.770890625 0.8952291666666666 0.108984375 0.10304166666666667
0 0.93303125 0.9329166666666667 0.07684375 0.13416666666666668
0 0.8975 0.5428958333333332 0.029984375 0.06479166666666666
0 0.640640625 0.6490416666666667 0.075578125 0.051958333333333336
0 0.521046875 0.6525416666666667 0.045328125000000004 0.07552083333333333
0 0.19209375 0.05247916666666667 0.062828125 0.06035416666666667