0 0.3904453125 0.4490277777777778 0.183171875 0.35547222222222224
0 0.235890625 0.10208333333333333 0.0884453125 0.20416666666666666
0 0.0801796875 0.4174305555555556 0.1083828125 0.3142083333333333
0 0.182 0.32298611111111114 0.09746875 0.09569444444444446
0 0.291234375 0.7603055555555555 0.1576328125 0.19561111111111112
0 0.380421875 0.8821805555555555 0.17978125 0.23565277777777777
0 0.1391640625 0.8464027777777777 0.138859375 0.12705555555555556
0 0.1978828125 0.58425 0.0813203125 0.13334722222222223
0 0.0626328125 0.7306944444444444 0.1252578125 0.15490277777777778
0 0.0203125 0.4972361111111111 0.040625 0.10366666666666667
0 0.24630468749999998 0.4821944444444445 0.04678125 0.11059722222222222
0 0.668015625 0.6237638888888889 0.12196875 0.24661111111111111
0 0.6078671875 0.38659722222222226 0.0589609375 0.11022222222222222
0 0.77490625 0.4409722222222222 0.07273437499999999 0.10879166666666666
0 0.8717812500000001 0.45575 0.139765625 0.3272361111111111
0 0.9662734374999999 0.11143055555555556 0.0674453125 0.19416666666666668
0 0.914484375 0.23668055555555556 0.0960234375 0.13405555555555554
0 0.8903984375 0.07766666666666668 0.0458984375 0.09884722222222223
0 0.8629296875 0.7270000000000001 0.105390625 0.09195833333333332
0 0.8469140625 0.8917499999999999 0.0879375 0.12518055555555554
0 0.581046875 0.9174861111111111 0.051960937500000005 0.11504166666666667
0 0.547328125 0.404875 0.0595078125 0.058833333333333335
0 0.9630234375000001 0.4435555555555556 0.0739609375 0.09993055555555556
0 0.9766953125000001 0.5837777777777777 0.046617187500000004 0.08798611111111111
0 0.7358515625 0.7135972222222222 0.036289062500000004 0.07372222222222222
0 0.775953125 0.6011111111111112 0.029343750000000002 0.06241666666666666
0 0.5014921875 0.9724583333333333 0.0988203125 0.05509722222222223