0 0.06783854166666667 0.8578703703703704 0.13567708333333334 0.28425925925925927
0 0.11922916666666666 0.7336851851851852 0.14679687500000002 0.2673611111111111
0 0.15335416666666665 0.5490277777777778 0.071421875 0.2036111111111111
0 0.24305729166666667 0.5462407407407408 0.10294270833333334 0.2350833333333333
0 0.2775625 0.8536388888888888 0.151125 0.27975925925925926
0 0.5026666666666667 0.7709444444444444 0.09855729166666666 0.24466666666666667
0 0.666453125 0.7864444444444445 0.12926041666666668 0.280287037037037
0 0.7888489583333332 0.6318703703703703 0.11553125 0.2118888888888889
0 0.6031822916666666 0.638361111111111 0.07540104166666667 0.15079629629629632
0 0.37494791666666666 0.7983148148148148 0.10218229166666666 0.15430555555555556
0 0.4086666666666667 0.1920185185185185 0.051182291666666664 0.18169444444444444
0 0.903546875 0.7566574074074075 0.059171875 0.14501851851851852
0 0.93921875 0.6578055555555555 0.07322916666666666 0.11560185185185184
0 0.9708333333333333 0.8288055555555556 0.058333333333333334 0.14743518518518517
0 0.7870208333333333 0.955787037037037 0.053557291666666666 0.08842592592592592
0 0.55475 0.8901759259259259 0.06810416666666666 0.12335185185185185
0 0.6135989583333333 0.8911018518518519 0.07540104166666667 0.1215
0 0.4383489583333333 0.9631944444444445 0.05846875 0.07361111111111111
0 0.030078125 0.676074074074074 0.06015625 0.14750925925925926
0 0.7040885416666666 0.34377777777777774 0.05067708333333333 0.09402777777777778
0 0.7569479166666666 0.3398425925925926 0.043916666666666666 0.09078703703703704
0 0.15205208333333334 0.25632407407407404 0.05058854166666667 0.07161111111111111
0 0.8897447916666666 0.14941666666666667 0.04459375 0.053953703703703705
0 0.5257135416666666 0.2262222222222222 0.045697916666666664 0.06262962962962963