0 0.0359375 0.4997361111111111 0.071875 0.20225
0 0.3039921875 0.336375 0.074828125 0.10701388888888888
0 0.3646640625 0.1325 0.0628671875 0.12981944444444443
0 0.5473359375 0.54 0.1428359375 0.21795833333333334
0 0.9301171874999999 0.6834305555555555 0.1397734375 0.5048194444444445
0 0.8143593750000001 0.5314444444444444 0.1438203125 0.16844444444444445
0 0.436921875 0.39861111111111114 0.08240625 0.17130555555555557
0 0.33875781250000003 0.9064861111111111 0.10686718749999999 0.18704166666666666
0 0.2970859375 0.8833333333333333 0.080625 0.23333333333333334
0 0.31909375 0.6376805555555556 0.055046874999999995 0.07072222222222223
0 0.160640625 0.4696666666666667 0.056843750000000005 0.13284722222222223
0 0.069765625 0.9310972222222222 0.08755468749999999 0.10201388888888889
0 0.7805156249999999 0.9412083333333333 0.09053125 0.11759722222222223
0 0.8676171874999999 0.925 0.033523437499999996 0.15
0 0.8259531250000001 0.8774166666666667 0.06476562500000001 0.050208333333333334
0 0.7035703125 0.18272222222222223 0.0803671875 0.07748611111111112
0 0.7667109375 0.3590555555555555 0.060843749999999995 0.10606944444444445
0 0.8155390625000001 0.37711111111111106 0.043929687499999995 0.07736111111111112
0 0.9868750000000001 0.36784722222222227 0.026250000000000002 0.11440277777777778
0 0.310890625 0.25931944444444444 0.0428046875 0.06863888888888889
0 0.13668750000000002 0.2979722222222222 0.042257812500000005 0.07648611111111112
0 0.085515625 0.2091111111111111 0.037820312499999995 0.08394444444444445