0 0.350796875 0.1790625 0.11854687500000001 0.1520625
0 0.195890625 0.33418749999999997 0.10870312499999998 0.13810416666666667
0 0.39559375 0.92675 0.1151875 0.1465
0 0.192921875 0.9314791666666667 0.177921875 0.13704166666666667
0 0.015984375000000002 0.9450208333333333 0.031968750000000004 0.10995833333333334
0 0.21407812499999998 0.6285208333333333 0.18156250000000002 0.208375
0 0.260796875 0.48222916666666665 0.08721875 0.08422916666666666
0 0.9319062499999999 0.25314583333333335 0.11776562500000001 0.1608125
0 0.9313593750000001 0.4305833333333334 0.0985625 0.11539583333333334
0 0.840203125 0.7424375 0.1595 0.18572916666666667
0 0.5892968749999999 0.8681875 0.08792187500000001 0.10516666666666666
0 0.59159375 0.6477916666666667 0.098578125 0.09543750000000001
0 0.573328125 0.7171041666666667 0.094515625 0.08533333333333333
0 0.7790625 0.8762291666666666 0.11434375000000001 0.08172916666666666
0 0.95934375 0.7837291666666667 0.0813125 0.12122916666666667
0 0.709765625 0.7562083333333334 0.087390625 0.09052083333333334
0 0.44837499999999997 0.5894583333333333 0.05390625 0.10047916666666666
0 0.903109375 0.5525833333333333 0.0779375 0.059208333333333335
0 0.264859375 0.2640208333333333 0.0503125 0.067125