0 0.047921875 0.153 0.095828125 0.3060208333333333
0 0.29646875 0.25310416666666663 0.126515625 0.170625
0 0.5450468749999999 0.23647916666666668 0.20396874999999998 0.31502083333333336
0 0.8762812500000001 0.2669583333333333 0.064125 0.09779166666666667
0 0.527171875 0.36854166666666666 0.085234375 0.15743749999999998
0 0.604765625 0.43427083333333333 0.121015625 0.08520833333333333
0 0.72403125 0.399125 0.08735937499999999 0.09620833333333333
0 0.536734375 0.8300833333333333 0.284875 0.3398125
0 0.5940000000000001 0.6050416666666667 0.06615625 0.13970833333333335
0 0.6455625 0.6210208333333332 0.047359374999999995 0.07443749999999999
0 0.715703125 0.6031875 0.11790624999999999 0.1175
0 0.91828125 0.6422916666666667 0.070375 0.13552083333333334
0 0.09578125 0.6992291666666667 0.097328125 0.11047916666666667
0 0.20792187499999998 0.4724791666666667 0.07834375 0.1578125
0 0.352015625 0.5816666666666667 0.05709375 0.07908333333333334
0 0.335171875 0.5185 0.06784375000000001 0.12402083333333333
0 0.15914062499999998 0.5678125 0.0851875 0.05975
0 0.068 0.6076250000000001 0.069546875 0.09125
0 0.19578125 0.7057291666666666 0.077890625 0.09870833333333334
0 0.016671875 0.3919375 0.033328125 0.09666666666666666
0 0.532203125 0.49814583333333334 0.088015625 0.0833125
0 0.08837500000000001 0.9263750000000001 0.074453125 0.09510416666666667
0 0.191796875 0.9601666666666666 0.068140625 0.07964583333333333
0 0.683453125 0.4930833333333334 0.063734375 0.09535416666666667
0 0.854953125 0.48552083333333335 0.058484375 0.09079166666666666
0 0.940828125 0.5053958333333334 0.052968749999999995 0.056666666666666664