0 0.0402109375 0.32506944444444447 0.0763515625 0.09615277777777778
0 0.24228125 0.5632083333333333 0.15137499999999998 0.18008333333333332
0 0.2062109375 0.8931805555555556 0.075078125 0.14047222222222222
0 0.198921875 0.778875 0.0792421875 0.137625
0 0.20646874999999998 0.6626944444444445 0.0764765625 0.08294444444444445
0 0.6977109375 0.6104027777777777 0.1207265625 0.1597361111111111
0 0.6066953125000001 0.6895416666666667 0.0616015625 0.10333333333333335
0 0.653703125 0.24106944444444445 0.088953125 0.12063888888888889
0 0.6995312499999999 0.19155555555555553 0.080625 0.14744444444444443
0 0.9147500000000001 0.508361111111111 0.1319609375 0.21105555555555558
0 0.722578125 0.12050000000000001 0.049640625 0.06086111111111111
0 0.7790781250000001 0.14873611111111112 0.043921875 0.06920833333333333
0 0.9400000000000001 0.32808333333333334 0.0591640625 0.12809722222222222
0 0.7557734375 0.3771388888888889 0.07230468749999999 0.1077638888888889
0 0.4499375 0.44286111111111115 0.045953125 0.08744444444444445