0 0.13277083333333334 0.155 0.10096354166666667 0.23721296296296296
0 0.24409895833333334 0.46873148148148147 0.11127604166666667 0.18653703703703706
0 0.3461770833333333 0.5212685185185185 0.09463020833333333 0.11106481481481481
0 0.399421875 0.40397222222222223 0.03009375 0.054092592592592595
0 0.4399166666666667 0.3333703703703704 0.032151041666666665 0.06860185185185186
0 0.673875 0.3807962962962963 0.09983333333333334 0.15882407407407406
0 0.7417135416666666 0.3940277777777778 0.03792708333333333 0.07861111111111112
0 0.7697031249999999 0.2972592592592593 0.072734375 0.16303703703703704
0 0.9005520833333333 0.2188240740740741 0.04316145833333333 0.0756111111111111
0 0.91240625 0.6233055555555556 0.14185416666666667 0.23642592592592593
0 0.88740625 0.740462962962963 0.10852083333333334 0.16815740740740742
0 0.7134635416666666 0.7242500000000001 0.060578125000000003 0.09872222222222223
0 0.5315729166666666 0.7179722222222222 0.036578125 0.08779629629629629
0 0.2494375 0.8362499999999999 0.051125 0.05991666666666666