0 0.20139583333333333 0.21308333333333332 0.155015625 0.22752777777777777
0 0.8194479166666666 0.19699074074074074 0.2288125 0.3939814814814815
0 0.6529114583333333 0.39243518518518516 0.11259375 0.2530925925925926
0 0.7388541666666666 0.38735185185185184 0.12177604166666667 0.3280740740740741
0 0.8476979166666666 0.8775462962962963 0.13325 0.2449074074074074
0 0.7228281249999999 0.8983796296296296 0.14565625000000001 0.20324074074074075
0 0.08671875 0.47901851851851857 0.1734375 0.47808333333333336
0 0.035416666666666666 0.7760925925925926 0.07083333333333333 0.16169444444444445
0 0.36946875 0.9284722222222223 0.14206770833333332 0.14305555555555555
0 0.3399270833333333 0.8425185185185184 0.07588020833333334 0.22791666666666668
0 0.140984375 0.8436203703703704 0.11959375 0.14001851851851851
0 0.10856249999999999 0.7318888888888889 0.05683333333333333 0.1065925925925926
0 0.16663541666666667 0.9342592592592592 0.11256770833333334 0.13148148148148148
0 0.36244791666666665 0.6642777777777777 0.0646875 0.1285648148148148
0 0.7904010416666666 0.6298333333333334 0.05424479166666667 0.08385185185185186
0 0.8160572916666666 0.556675925925926 0.08455208333333333 0.12168518518518517
0 0.847046875 0.4484166666666667 0.09028645833333333 0.11336111111111112
0 0.9415677083333333 0.5081203703703704 0.116859375 0.15135185185185185
0 0.44486458333333334 0.8862037037037037 0.058708333333333335 0.11407407407407408
0 0.6013541666666666 0.8901666666666667 0.05115104166666666 0.08632407407407408
0 0.177046875 0.465537037037037 0.029239583333333333 0.08837962962962963