0 0.03528645833333333 0.2172314814814815 0.07057291666666667 0.11737962962962963
0 0.09684374999999999 0.23269444444444445 0.07505729166666668 0.15891666666666665
0 0.09879687499999999 0.1234814814814815 0.058130208333333336 0.08862962962962963
0 0.15334895833333334 0.016435185185185185 0.040171874999999996 0.03287037037037037
0 0.3023020833333333 0.46379629629629626 0.1901875 0.6442685185185185
0 0.10713020833333334 0.6112685185185185 0.093546875 0.24938888888888885
0 0.03723958333333333 0.7154722222222223 0.07447916666666667 0.1810925925925926
0 0.17639583333333334 0.5666296296296297 0.04877083333333333 0.10918518518518519
0 0.41466145833333334 0.8028703703703703 0.13994791666666667 0.3177685185185185
0 0.5983750000000001 0.9041666666666667 0.21783854166666666 0.19166666666666668
0 0.38353645833333333 0.9423611111111111 0.086859375 0.11527777777777778
0 0.47949479166666664 0.9701388888888889 0.057151041666666666 0.059722222222222225
0 0.8647447916666666 0.8829537037037037 0.09094791666666667 0.1723888888888889
0 0.8396145833333333 0.7260648148148148 0.09538020833333333 0.14564814814814817
0 0.78325 0.8769907407407407 0.07725520833333334 0.14509259259259258
0 0.7012239583333333 0.6048518518518519 0.06942708333333333 0.13382407407407407
0 0.4640052083333333 0.47009259259259256 0.10115625 0.36518518518518517
0 0.5785781249999999 0.7098703703703704 0.04909895833333333 0.104
0 0.6129479166666666 0.2840648148148148 0.05327083333333334 0.17831481481481481
0 0.462703125 0.22116666666666668 0.06730729166666666 0.11414814814814815
0 0.5565729166666666 0.24475925925925923 0.059250000000000004 0.057694444444444444
0 0.6280520833333333 0.14688888888888887 0.0543125 0.10993518518518519
0 0.7979635416666666 0.15069444444444444 0.18584375 0.3013888888888889
0 0.9101874999999999 0.08764814814814814 0.060348958333333334 0.13581481481481483
0 0.04932291666666667 0.404212962962963 0.05291666666666666 0.09527777777777778
0 0.5465416666666666 0.5719444444444445 0.05871354166666667 0.1244537037037037