0 0.43949999999999995 0.037625 0.0904375 0.07527083333333334
0 0.861 0.10172916666666666 0.06689062500000001 0.05439583333333333
0 0.89225 0.033 0.087734375 0.066
0 0.742609375 0.118625 0.060625 0.06502083333333333
0 0.7320156250000001 0.022833333333333334 0.050562499999999996 0.04564583333333334
0 0.559984375 0.08181250000000001 0.09253125 0.1349375
0 0.577 0.15797916666666667 0.051578124999999996 0.041875
0 0.613453125 0.08460416666666666 0.09671874999999999 0.10345833333333333
0 0.797984375 0.16954166666666665 0.071390625 0.09277083333333333
0 0.50078125 0.19752083333333334 0.09634374999999999 0.144125
0 0.47006249999999994 0.12347916666666667 0.071 0.12566666666666668
0 0.641390625 0.40858333333333335 0.0720625 0.12177083333333334
0 0.49921875 0.4314791666666667 0.12378125 0.1536875
0 0.561546875 0.5506666666666666 0.092890625 0.11891666666666666
0 0.29578125 0.29210416666666666 0.32232812499999997 0.5323749999999999
0 0.23709375000000002 0.6157291666666667 0.154984375 0.16297916666666667
0 0.601296875 0.925 0.252953125 0.15
0 0.059671875 0.7623958333333333 0.113984375 0.12110416666666667
0 0.299765625 0.7820625 0.1025625 0.13729166666666667
0 0.17771874999999998 0.8054375 0.0445625 0.0868125
0 0.532203125 0.7584583333333333 0.09253125 0.17339583333333333
0 0.44765625 0.7582291666666666 0.08453125 0.10352083333333333
0 0.5730000000000001 0.6659166666666666 0.06303125000000001 0.062375
0 0.69971875 0.5249791666666667 0.052640624999999996 0.08143750000000001