0 0.710453125 0.4872314814814815 0.19382291666666665 0.27908333333333335
0 0.7511510416666667 0.7006666666666667 0.08415625 0.2107037037037037
0 0.6228385416666666 0.7517407407407407 0.09151041666666666 0.2386574074074074
0 0.9578125 0.2941388888888889 0.084375 0.16754629629629628
0 0.6500468749999999 0.03958333333333333 0.10166145833333333 0.07916666666666666
0 0.5096614583333333 0.02337962962962963 0.08797395833333334 0.04675925925925926
0 0.5379583333333334 0.24570370370370373 0.1095 0.12989814814814815
0 0.47116145833333334 0.17049074074074075 0.051171875 0.09050925925925926
0 0.40125 0.32592592592592595 0.09645833333333333 0.09787037037037037
0 0.280015625 0.33352777777777776 0.06471354166666667 0.12088888888888889
0 0.5260104166666667 0.7159351851851852 0.079359375 0.17091666666666666
0 0.41205729166666666 0.8502222222222222 0.10349479166666667 0.18410185185185185
0 0.33430208333333333 0.7817407407407407 0.068453125 0.16644444444444442
0 0.017708333333333333 0.05462962962962963 0.035416666666666666 0.10925925925925926
0 0.9290625 0.9701388888888889 0.06854166666666667 0.059722222222222225