0 0.5523281250000001 0.13441666666666666 0.142171875 0.25525
0 0.9483750000000001 0.155 0.10323437499999999 0.21870833333333334
0 0.856078125 0.8659791666666667 0.28784375 0.2680416666666667
0 0.5815 0.6361041666666666 0.10328124999999999 0.17781249999999998
0 0.139875 0.5595 0.06331250000000001 0.2245
0 0.35026562499999997 0.40189583333333334 0.09914062500000001 0.1276875
0 0.594359375 0.4138541666666667 0.10018750000000001 0.1546875
0 0.1678125 0.95625 0.078 0.0875
0 0.38759375 0.8344166666666666 0.10782812500000001 0.13766666666666666
0 0.191234375 0.17858333333333334 0.06215625 0.134125
0 0.479390625 0.44602083333333337 0.058109375 0.10720833333333334
0 0.5212656250000001 0.37879166666666664 0.08990625 0.19097916666666667
0 0.64659375 0.2869791666666667 0.080734375 0.0805
0 0.350015625 0.7365208333333333 0.110375 0.06939583333333334
0 0.47232812500000004 0.741 0.075 0.11216666666666668
0 0.21170312500000002 0.6251666666666666 0.086265625 0.19777083333333334
0 0.265625 0.5344583333333334 0.08401562500000001 0.21656250000000002
0 0.42026562500000003 0.5181666666666667 0.035984375 0.05397916666666667
0 0.797640625 0.5675 0.26770312500000004 0.3814166666666667
0 0.492125 0.9452708333333334 0.0689375 0.10089583333333334
0 0.08171874999999999 0.8210833333333334 0.11515625 0.06941666666666667
0 0.070734375 0.9620416666666666 0.05315625 0.07589583333333333
0 0.145625 0.7064583333333334 0.075171875 0.08722916666666666
0 0.597328125 0.9176666666666667 0.096375 0.12995833333333334
0 0.64325 0.8256458333333333 0.07525 0.12014583333333334
0 0.34759375000000003 0.9612291666666667 0.0653125 0.07752083333333333
0 0.06539062500000001 0.7103958333333333 0.0829375 0.08722916666666666
0 0.009281250000000001 0.69525 0.018562500000000003 0.1469375