0 0.903171875 0.89375 0.1598125 0.2125
0 0.653203125 0.9320208333333333 0.07653125 0.122375
0 0.6535624999999999 0.42862500000000003 0.24914062499999998 0.6665
0 0.91740625 0.33358333333333334 0.098015625 0.17552083333333332
0 0.301328125 0.08125 0.10290625 0.1625
0 0.09473437500000001 0.28712499999999996 0.0646875 0.15352083333333333
0 0.062796875 0.5483333333333333 0.114671875 0.253125
0 0.21382812499999998 0.7936875000000001 0.152890625 0.23760416666666667
0 0.419359375 0.5538124999999999 0.2998125 0.6900208333333333
0 0.148546875 0.8741666666666668 0.091546875 0.12704166666666666
0 0.064875 0.7498958333333333 0.054953125000000005 0.17941666666666667
0 0.064359375 0.9139791666666667 0.073359375 0.09554166666666666
0 0.9802031250000001 0.4171458333333333 0.039578125 0.09725
0 0.97153125 0.22183333333333335 0.056937499999999995 0.09552083333333333
0 0.49609375 0.9701458333333334 0.13974999999999999 0.05972916666666667
0 0.709265625 0.7945625 0.053265625000000004 0.07895833333333332