0 0.8151875000000001 0.7547083333333333 0.369640625 0.4436875
0 0.5728125000000001 0.8366666666666667 0.10674999999999998 0.15391666666666665
0 0.41537499999999994 0.8299583333333334 0.10049999999999999 0.21916666666666668
0 0.31434375000000003 0.3622916666666667 0.08728125 0.1218125
0 0.213140625 0.39468749999999997 0.07095312499999999 0.09402083333333335
0 0.3419375 0.5492708333333333 0.1119375 0.12539583333333332
0 0.183109375 0.6140625 0.099765625 0.12535416666666668
0 0.281015625 0.6464583333333334 0.08449999999999999 0.13458333333333333
0 0.258609375 0.24289583333333334 0.070265625 0.10520833333333333
0 0.5485156250000001 0.19475 0.052953125000000004 0.06452083333333333
0 0.947453125 0.3930625 0.05371875 0.10466666666666667
0 0.9804375000000001 0.5983333333333333 0.039140625 0.13091666666666668
0 0.66084375 0.22114583333333335 0.07484375 0.0895
0 0.8328749999999999 0.47429166666666667 0.102296875 0.0865625
0 0.6500781250000001 0.5187291666666667 0.089421875 0.08283333333333333
0 0.48515625 0.7063958333333333 0.078984375 0.11095833333333333