0 0.15828906250000002 0.15995833333333334 0.20407812500000003 0.3199027777777778
0 0.2929296875 0.6429722222222222 0.198515625 0.2896388888888889
0 0.0946328125 0.7517361111111112 0.12896093749999998 0.2386527777777778
0 0.18264843749999998 0.6874027777777778 0.086265625 0.24887499999999999
0 0.21349999999999997 0.32525 0.081328125 0.195875
0 0.1028359375 0.39358333333333334 0.078703125 0.16284722222222223
0 0.481453125 0.8435972222222222 0.081890625 0.3066388888888889
0 0.395515625 0.9784722222222222 0.0558359375 0.043055555555555555
0 0.6415859375 0.9620416666666666 0.05609375 0.07593055555555556
0 0.801734375 0.9220833333333333 0.045492187499999996 0.07934722222222222
0 0.785859375 0.5439305555555556 0.1657890625 0.2767361111111111
0 0.5224609375 0.5670972222222223 0.08059374999999999 0.10084722222222223
0 0.45865625000000004 0.6152638888888889 0.057421875 0.09911111111111111
0 0.909015625 0.5596666666666666 0.080921875 0.19712500000000002
0 0.9009453125 0.17925 0.060609375 0.08443055555555555
0 0.86228125 0.777013888888889 0.07284375 0.14133333333333334
0 0.5458984375 0.95625 0.0337265625 0.0875
0 0.26935937499999996 0.8383333333333334 0.0555546875 0.07888888888888888
0 0.6164609375000001 0.6862638888888889 0.0436328125 0.10309722222222223
0 0.6815625 0.7589444444444445 0.0488515625 0.05398611111111111
0 0.0446328125 0.6629166666666667 0.062289062500000006 0.050083333333333334
0 0.2455234375 0.44375 0.0504296875 0.08102777777777778