0 0.4784583333333333 0.31319444444444444 0.20505729166666667 0.37546296296296294
0 0.226921875 0.6433055555555556 0.22897395833333334 0.39949999999999997
0 0.6490104166666666 0.37575000000000003 0.05791145833333333 0.13830555555555557
0 0.385625 0.44078703703703703 0.106875 0.16102777777777777
0 0.35996875 0.07837962962962963 0.04233854166666667 0.08026851851851852
0 0.45918749999999997 0.04421296296296296 0.06652604166666667 0.08842592592592592
0 0.6629427083333332 0.28179629629629627 0.057442708333333335 0.11325925925925925
0 0.742625 0.19431481481481483 0.06475 0.07525
0 0.7486093749999999 0.10221296296296296 0.035765625 0.06500925925925925
0 0.9327135416666666 0.21676851851851853 0.04915625 0.1090462962962963
0 0.9405208333333334 0.3616388888888889 0.06020833333333333 0.1433888888888889
0 0.9747395833333333 0.04421296296296296 0.050520833333333334 0.08842592592592592
0 0.979296875 0.4233240740740741 0.04140625 0.5216481481481482
0 0.95390625 0.9516203703703704 0.0921875 0.09675925925925925
0 0.8077187499999999 0.9064814814814814 0.12793229166666667 0.18703703703703703
0 0.046848958333333336 0.21741666666666667 0.081296875 0.23019444444444445
0 0.12288541666666666 0.2653240740740741 0.10630729166666668 0.16398148148148148
0 0.20725000000000002 0.19383333333333333 0.04158333333333333 0.0811851851851852
0 0.9166927083333333 0.46785185185185185 0.062036458333333336 0.11151851851851852
0 0.9545833333333333 0.5541759259259259 0.04666666666666666 0.16572222222222222
0 0.983203125 0.7788240740740741 0.03359375 0.17708333333333334
0 0.37351562499999996 0.8702314814814816 0.06598958333333334 0.17934259259259258
0 0.09007291666666667 0.6517777777777778 0.04680729166666667 0.18687962962962965
0 0.054661458333333336 0.9354166666666667 0.044843749999999995 0.12916666666666668
0 0.023567708333333333 0.6328425925925926 0.047135416666666666 0.08246296296296296
0 0.06455208333333333 0.5983333333333334 0.0374375 0.07537962962962963
0 0.04515104166666666 0.5448796296296297 0.06373958333333334 0.09346296296296296
0 0.04216145833333333 0.46921296296296294 0.038593749999999996 0.06712962962962964
0 0.08720833333333333 0.4664537037037037 0.05786979166666666 0.0680185185185185
0 0.009244791666666667 0.45118518518518513 0.018489583333333334 0.08929629629629629
0 0.07692708333333333 0.3697314814814815 0.049796875 0.08553703703703704
0 0.701609375 0.7700370370370371 0.05894791666666667 0.09471296296296297
0 0.8927395833333333 0.7071018518518518 0.07661979166666667 0.07993518518518518
0 0.903546875 0.8547685185185185 0.044984375 0.0969537037037037
0 0.6227083333333333 0.8299722222222222 0.052187500000000005 0.10809259259259259
0 0.5561822916666667 0.578925925925926 0.05221875 0.11159259259259259
0 0.6003177083333333 0.5729074074074074 0.03426041666666667 0.07733333333333332
0 0.53209375 0.8459722222222222 0.04803645833333334 0.12378703703703703
0 0.5676354166666666 0.84875 0.05402083333333333 0.08121296296296296
0 0.4919895833333333 0.6807222222222222 0.030338541666666666 0.07347222222222222
0 0.11636979166666667 0.4021296296296296 0.04211458333333333 0.09481481481481482
0 0.176390625 0.38407407407407407 0.04496875 0.08462037037037037
0 0.7710052083333333 0.036953703703703704 0.028468749999999998 0.05663888888888889