0 0.35398437499999996 0.12908333333333333 0.089421875 0.2149814814814815
0 0.11403125 0.5280277777777778 0.11359895833333335 0.1948611111111111
0 0.144109375 0.8780925925925926 0.12376041666666666 0.2228425925925926
0 0.31284375 0.7179629629629629 0.04670833333333334 0.1433425925925926
0 0.5546145833333332 0.2567685185185185 0.06964583333333334 0.13298148148148148
0 0.67465625 0.3764074074074074 0.06493750000000001 0.12688888888888888
0 0.824125 0.5168703703703704 0.09303645833333334 0.15318518518518517
0 0.8009479166666666 0.6668611111111111 0.07272916666666666 0.12089814814814814
0 0.9552083333333333 0.24200000000000002 0.08958333333333333 0.15581481481481482
0 0.9864583333333333 0.4220277777777778 0.027083333333333334 0.10130555555555555
0 0.9009375 0.8763888888888889 0.126875 0.24722222222222223
0 0.8691822916666666 0.9539351851851852 0.12414062499999999 0.09212962962962963
0 0.5129583333333333 0.8973148148148148 0.06575 0.09925925925925926
0 0.3545052083333333 0.836462962962963 0.04671875 0.06550925925925925