0 0.369375 0.5622083333333333 0.2306875 0.243875
0 0.31521875 0.8223333333333334 0.1306875 0.153
0 0.56415625 0.3169791666666667 0.12587500000000001 0.1355
0 0.18070312500000002 0.142375 0.050734375 0.108125
0 0.227 0.14806249999999999 0.06296874999999999 0.13729166666666667
0 0.269890625 0.14275 0.0755625 0.15462499999999998
0 0.157625 0.38829166666666665 0.076859375 0.12829166666666666
0 0.7594218749999999 0.373 0.13570312499999998 0.21866666666666665
0 0.292046875 0.071375 0.073453125 0.0751875
0 0.33953125 0.07406249999999999 0.06290625 0.14810416666666668
0 0.031234374999999998 0.09829166666666667 0.054140625 0.0855625
0 0.19665625 0.25547916666666665 0.060328124999999996 0.08104166666666666
0 0.41025 0.31404166666666666 0.048140625 0.0820625
0 0.362875 0.2588333333333333 0.04446875 0.07718749999999999
0 0.815765625 0.16947916666666665 0.061015625 0.09552083333333333
0 0.875 0.1615625 0.06589062500000001 0.12541666666666668
0 0.71946875 0.035354166666666666 0.13684375 0.07070833333333333
0 0.45667187499999995 0.036229166666666666 0.04471875 0.07247916666666666
0 0.764578125 0.1605625 0.064203125 0.122875
0 0.431609375 0.1536875 0.052890625000000004 0.08383333333333334
0 0.50865625 0.09985416666666666 0.037859375 0.09697916666666666
0 0.8379218749999999 0.2820625 0.09517187499999999 0.1155625
0 0.9536250000000001 0.18108333333333335 0.045859375 0.1116875
0 0.470390625 0.331625 0.07215625 0.08064583333333333
0 0.172 0.5648333333333333 0.054953125000000005 0.07072916666666668
0 0.236375 0.52875 0.052671875 0.1139375
0 0.22278125000000001 0.46070833333333333 0.0615625 0.08689583333333334
0 0.610765625 0.7862083333333333 0.10093749999999999 0.12222916666666667
0 0.471859375 0.8815208333333333 0.070046875 0.09472916666666667
0 0.17859375 0.776 0.13146875 0.12293749999999999
0 0.26209375 0.9495833333333333 0.07265625 0.0795625
0 0.411828125 0.9421875 0.081671875 0.08589583333333332
0 0.29878125 0.39014583333333336 0.04415625 0.06541666666666666
0 0.610234375 0.424625 0.04659375 0.07806249999999999
0 0.874203125 0.581125 0.049 0.060375
0 0.836875 0.523625 0.094640625 0.09664583333333333
0 0.526984375 0.459625 0.037593749999999995 0.0530625
0 0.640703125 0.572875 0.04865625 0.05439583333333333
0 0.22939062500000001 0.29641666666666666 0.051015624999999995 0.06441666666666666
0 0.10115624999999999 0.2368125 0.04359375 0.09645833333333333
0 0.105765625 0.3787083333333333 0.042140625 0.08829166666666667
0 0.014640624999999999 0.21816666666666668 0.029281249999999998 0.06622916666666666
0 0.052734375 0.2021666666666667 0.04690625 0.04479166666666667
0 0.887140625 0.3811666666666667 0.11285937500000001 0.1143125