0 0.07875 0.45581944444444444 0.1034375 0.15409722222222222
0 0.1760078125 0.3081527777777778 0.072984375 0.07833333333333334
0 0.43367187500000004 0.5161388888888889 0.1488046875 0.3508055555555556
0 0.6409453125 0.4941666666666667 0.150921875 0.3022222222222222
0 0.28810156249999996 0.5802916666666667 0.049312499999999995 0.08556944444444445
0 0.5017578125 0.8686111111111111 0.0516875 0.13444444444444445
0 0.8254296875 0.9365694444444445 0.0970546875 0.12684722222222222
0 0.7158046875 0.9377361111111111 0.040265625 0.12454166666666668
0 0.970890625 0.40029166666666666 0.05821875 0.15684722222222222
0 0.9712500000000001 0.5726944444444444 0.0574921875 0.18425
0 0.838453125 0.6774722222222221 0.10225781249999999 0.13179166666666667
0 0.7628046875 0.6385972222222223 0.0615390625 0.10959722222222222
0 0.70525 0.5539027777777777 0.066234375 0.07911111111111112
0 0.909796875 0.7825138888888888 0.0741484375 0.2215138888888889
0 0.9707343749999999 0.7603194444444443 0.05853125 0.10304166666666667
0 0.9193046875 0.9678333333333333 0.0889921875 0.06433333333333334
0 0.7754375 0.8392361111111111 0.0512109375 0.10808333333333332
0 0.739234375 0.7714305555555555 0.048265625 0.12525
0 0.042421875 0.7135972222222222 0.07453125000000001 0.05520833333333333
0 0.135125 0.6659027777777777 0.0453828125 0.08088888888888889
0 0.07340624999999999 0.6270555555555556 0.055140625 0.07088888888888889
0 0.6715312499999999 0.974763888888889 0.035046875 0.050458333333333334
0 0.7992578124999999 0.5282361111111111 0.042625 0.050930555555555555
0 0.8724296875 0.5490416666666667 0.0255859375 0.11104166666666668
0 0.9464375 0.3342361111111111 0.0492421875 0.05752777777777778