0 0.3262578125 0.42243055555555553 0.194359375 0.33466666666666667
0 0.569203125 0.23916666666666664 0.119921875 0.22740277777777776
0 0.2377109375 0.46875 0.055640625 0.07545833333333334
0 0.5530625 0.8494027777777778 0.110546875 0.1839861111111111
0 0.632609375 0.9620416666666666 0.0634296875 0.07593055555555556
0 0.80746875 0.9736111111111111 0.086109375 0.05277777777777778
0 0.86853125 0.8288194444444444 0.10200781249999999 0.12891666666666665
0 0.659171875 0.8422361111111111 0.07280468749999999 0.14650000000000002
0 0.699921875 0.08495833333333333 0.0980703125 0.16990277777777776
0 0.9241250000000001 0.307 0.0611328125 0.06213888888888889
0 0.9665625 0.11120833333333333 0.06686718750000001 0.1057638888888889
0 0.5639921875 0.4875 0.0467265625 0.03425
0 0.6455 0.6957916666666667 0.055874999999999994 0.10472222222222223
0 0.6128203125 0.5504305555555555 0.030093750000000002 0.10456944444444445
0 0.6297421875 0.06516666666666666 0.07145312499999999 0.12013888888888889
0 0.5093125 0.44583333333333336 0.062625 0.11758333333333333