0 0.683078125 0.6620208333333333 0.46423437500000003 0.6759583333333333
0 0.25020312499999997 0.8762291666666666 0.06978124999999999 0.12000000000000001
0 0.34695312500000003 0.33858333333333335 0.10946875 0.18245833333333333
0 0.718796875 0.22 0.05328125 0.08627083333333332
0 0.710015625 0.2864791666666667 0.0491875 0.05522916666666667
0 0.8958125000000001 0.2872708333333333 0.07721875 0.09954166666666667
0 0.6370625000000001 0.9576875 0.12940625 0.08462499999999999
0 0.27796875 0.5799583333333334 0.0503125 0.09839583333333332
0 0.14853125 0.5932708333333333 0.056781250000000005 0.06410416666666667
0 0.099609375 0.5793333333333333 0.041640625 0.058666666666666666
0 0.12448437500000001 0.48672916666666666 0.047171875 0.110625
0 0.167390625 0.491375 0.031078125 0.052625000000000005
0 0.19828125000000002 0.41768750000000004 0.035984375 0.05652083333333333
0 0.9455781249999999 0.6251666666666666 0.058453124999999995 0.06633333333333333
0 0.040984375 0.9424583333333333 0.08196875 0.1150625
0 0.543203125 0.879875 0.0655 0.09564583333333333
0 0.48228125000000005 0.889 0.05515625 0.14914583333333334
0 0.430359375 0.7452916666666667 0.072453125 0.10854166666666668
0 0.563640625 0.2823333333333334 0.0666875 0.06739583333333334
0 0.6121875 0.40054166666666663 0.067640625 0.072875
0 0.640796875 0.3652916666666667 0.0241875 0.06647916666666667
0 0.523859375 0.09872916666666667 0.044109375 0.09164583333333334