0 0.089578125 0.8613333333333333 0.17915625 0.2773125
0 0.216609375 0.4921041666666667 0.11956249999999999 0.17310416666666667
0 0.1976875 0.3125208333333333 0.18170312500000002 0.25837499999999997
0 0.3816875 0.04420833333333333 0.04740625 0.08841666666666666
0 0.3365625 0.34960416666666666 0.07062500000000001 0.11191666666666666
0 0.247859375 0.6701250000000001 0.168171875 0.21625
0 0.937671875 0.8185208333333333 0.12465625 0.3629583333333333
0 0.45721875 0.7186875 0.103625 0.10610416666666667
0 0.55146875 0.9412083333333333 0.11996875 0.11758333333333333
0 0.485328125 0.6034166666666666 0.082109375 0.13183333333333333
0 0.836515625 0.6027291666666666 0.05428125 0.07029166666666667
0 0.98140625 0.27581249999999996 0.0371875 0.09347916666666665