0 0.38406250000000003 0.21606944444444443 0.0683359375 0.09655555555555555
0 0.41530468750000005 0.3287638888888889 0.037093749999999995 0.05173611111111111
0 0.298390625 0.4118472222222222 0.057382812500000005 0.10315277777777777
0 0.47806249999999995 0.457625 0.07278124999999999 0.14581944444444445
0 0.552015625 0.34173611111111113 0.060546875 0.09987499999999999
0 0.6233671875 0.8392222222222222 0.1261796875 0.163625
0 0.720625 0.9284722222222223 0.14781249999999999 0.14305555555555555
0 0.9630234375000001 0.7538194444444445 0.0739609375 0.20116666666666666
0 0.678171875 0.7327777777777779 0.08499218750000001 0.19144444444444444
0 0.75578125 0.73675 0.103546875 0.15704166666666666
0 0.6672421875000001 0.4039305555555555 0.0722890625 0.18656944444444445
0 0.5757109375 0.5752222222222223 0.064953125 0.11898611111111111
0 0.483796875 0.584486111111111 0.072 0.10048611111111111
0 0.523625 0.8332083333333333 0.085796875 0.10531944444444444
0 0.5615234375 0.9475555555555556 0.0545625 0.10487500000000001
0 0.729078125 0.44187499999999996 0.074828125 0.24394444444444444
0 0.67778125 0.5941666666666667 0.060773437500000006 0.07630555555555556
0 0.9164375 0.6640555555555555 0.045890625000000004 0.07719444444444444
0 0.9478125000000001 0.5934722222222223 0.05396093749999999 0.10731944444444444
0 0.8129296874999999 0.8755694444444444 0.0491328125 0.08354166666666667
0 0.9897109374999999 0.8926944444444445 0.0205703125 0.09
0 0.0333359375 0.6131388888888889 0.0666640625 0.08647222222222221
0 0.3554140625 0.7948055555555555 0.0410390625 0.07479166666666667
0 0.3147890625 0.7730555555555556 0.043125000000000004 0.059069444444444445
0 0.245265625 0.7665694444444444 0.06553125 0.064625
0 0.383796875 0.7668055555555556 0.042812499999999996 0.0974861111111111
0 0.4422578125 0.9481527777777777 0.0430859375 0.10370833333333333
0 0.026171875 0.9481527777777777 0.05234375 0.10370833333333333
0 0.15139843749999998 0.6682222222222223 0.036265625 0.07626388888888888
0 0.46803125 0.848486111111111 0.044921875 0.07105555555555555
0 0.24435156249999998 0.5298611111111111 0.040273437499999995 0.08008333333333333
0 0.765015625 0.3044444444444444 0.04253125 0.08944444444444445
0 0.9864218749999999 0.622 0.0271484375 0.0766388888888889
0 0.8989375000000001 0.614361111111111 0.0377265625 0.06136111111111111
0 0.5007343750000001 0.7105277777777778 0.05946875 0.058791666666666666