0 0.038515625000000005 0.024537037037037038 0.05630208333333333 0.049074074074074076
0 0.028125 0.4456574074074074 0.05625 0.22999074074074072
0 0.020963541666666665 0.28176851851851853 0.04192708333333333 0.0903888888888889
0 0.10361458333333333 0.34008333333333335 0.092765625 0.06627777777777778
0 0.25008854166666666 0.42291666666666666 0.09409375 0.12269444444444444
0 0.2771666666666667 0.4948888888888889 0.05034895833333333 0.10460185185185185
0 0.32573437499999996 0.5057685185185186 0.049578125 0.1309722222222222
0 0.30763541666666666 0.6478796296296296 0.057125 0.07552777777777778
0 0.34825520833333334 0.6001944444444445 0.038385416666666665 0.060564814814814814
0 0.356328125 0.5159537037037037 0.03786458333333333 0.0957962962962963
0 0.239546875 0.8014907407407408 0.12299479166666667 0.2131759259259259
0 0.13368750000000001 0.7468888888888888 0.074140625 0.14100925925925925
0 0.026171875 0.7612407407407408 0.05234375 0.12340740740740741
0 0.23875520833333336 0.631425925925926 0.07855208333333333 0.1091388888888889
0 0.5783177083333333 0.0658611111111111 0.044411458333333334 0.1076388888888889
0 0.5229791666666667 0.16073148148148148 0.07668229166666667 0.15849074074074074
0 0.48456770833333335 0.24152777777777779 0.03893229166666667 0.07342592592592592
0 0.49941145833333334 0.4372685185185185 0.04257291666666666 0.10510185185185186
0 0.5369114583333333 0.363462962962963 0.038677083333333334 0.04544444444444444
0 0.5539635416666666 0.2894259259259259 0.039703125 0.08410185185185184
0 0.5953697916666666 0.26787962962962963 0.02853125 0.11816666666666667
0 0.7020052083333332 0.12625 0.06265625 0.13121296296296298
0 0.7522604166666667 0.16789814814814816 0.0819375 0.1626574074074074
0 0.8158020833333333 0.103 0.14235937499999998 0.206
0 0.912015625 0.2333888888888889 0.08274479166666666 0.14641666666666667
0 0.7462708333333333 0.41412037037037036 0.08870312500000001 0.1699074074074074
0 0.6732239583333333 0.4039814814814815 0.04905729166666666 0.10962962962962963
0 0.9342760416666667 0.37710185185185185 0.08769270833333334 0.1329074074074074
0 0.9416979166666667 0.462287037037037 0.08587499999999999 0.06708333333333334
0 0.95390625 0.9655092592592592 0.0921875 0.06898148148148148
0 0.873734375 0.9226851851851852 0.06034375 0.15462962962962962
0 0.8618906249999999 0.6818425925925926 0.190796875 0.2748055555555556
0 0.7901406249999999 0.7445833333333333 0.09017708333333332 0.12712037037037036
0 0.6173749999999999 0.5076111111111111 0.06004166666666667 0.13467592592592592
0 0.5561770833333333 0.652 0.10402083333333333 0.21974074074074074
0 0.6066979166666666 0.6288703703703703 0.0449375 0.13645370370370372
0 0.444734375 0.5432592592592593 0.045953125000000004 0.0855925925925926
0 0.438875 0.7091851851851851 0.034234375000000004 0.07947222222222222
0 0.46660416666666665 0.6022685185185186 0.033453125 0.07861111111111112
0 0.09840625 0.5277592592592593 0.051104166666666666 0.08699074074074074
0 0.364140625 0.8005833333333333 0.05348958333333333 0.1372685185185185
0 0.4317083333333333 0.8445833333333334 0.042583333333333334 0.11730555555555555
0 0.45866666666666667 0.7765185185185185 0.046734375 0.10766666666666667
0 0.5013697916666666 0.8843425925925926 0.055072916666666666 0.16591666666666666
0 0.589515625 0.9706944444444444 0.05847395833333333 0.05861111111111111
0 0.5357395833333333 0.9160925925925926 0.028 0.09004629629629629
0 0.5889947916666666 0.8980092592592592 0.059515624999999996 0.10527777777777778
0 0.5718072916666667 0.7971203703703703 0.05221875 0.08867592592592592
0 0.6815625 0.6568796296296295 0.0696875 0.09524074074074074
0 0.8009531249999999 0.533537037037037 0.08350520833333334 0.11244444444444444
0 0.9941666666666666 0.5594629629629629 0.011666666666666665 0.0717037037037037
0 0.9795833333333334 0.7408796296296296 0.04083333333333334 0.11972222222222223