0 0.56728125 0.3118125 0.168234375 0.36343749999999997
0 0.167484375 0.27116666666666667 0.08240625 0.23635416666666667
0 0.08103125 0.3975208333333333 0.0678125 0.178125
0 0.326671875 0.37552083333333336 0.059171875 0.060083333333333336
0 0.367984375 0.33849999999999997 0.03903125 0.09708333333333334
0 0.358234375 0.5671250000000001 0.090734375 0.15920833333333334
0 0.29446875 0.688875 0.041984375000000004 0.08889583333333334
0 0.1933125 0.5960833333333333 0.045390625000000004 0.060520833333333336
0 0.13096875 0.7810625000000001 0.06815625 0.10125
0 0.376125 0.7797916666666667 0.048453125 0.07189583333333333
0 0.5040625000000001 0.5719375 0.087515625 0.10704166666666667
0 0.41484375 0.6819375 0.0599375 0.0680625
0 0.43271875 0.6371041666666667 0.052375000000000005 0.0678125
0 0.303578125 0.21391666666666667 0.026546874999999998 0.068375
0 0.8134062500000001 0.5181458333333333 0.0695625 0.09304166666666666
0 0.605546875 0.5953333333333333 0.046046875 0.0796875
0 0.58875 0.7270208333333333 0.041765625 0.04729166666666666
0 0.5904843750000001 0.6752916666666666 0.04696875 0.052458333333333336
0 0.769171875 0.9396249999999999 0.10218750000000001 0.12072916666666668
0 0.832921875 0.951125 0.09125 0.09775
0 0.6917500000000001 0.8817708333333333 0.065640625 0.09495833333333333
0 0.12315625 0.9664166666666667 0.079421875 0.06714583333333332
0 0.921640625 0.4266875 0.06565625 0.11010416666666667
0 0.82621875 0.6515625 0.05696875 0.07360416666666666
0 0.463203125 0.29110416666666666 0.028968749999999998 0.0631875
0 0.656953125 0.5110833333333333 0.05778124999999999 0.08179166666666667
0 0.760515625 0.7754583333333334 0.0365625 0.09789583333333333
0 0.750203125 0.6123958333333334 0.0333125 0.09645833333333333
0 0.442921875 0.8244583333333334 0.04496875 0.07797916666666667
0 0.35162499999999997 0.6865625000000001 0.05840625000000001 0.07037500000000001
0 0.21684375 0.7864166666666667 0.0515625 0.051270833333333335
0 0.9233593750000001 0.6573541666666666 0.07009375 0.06495833333333333
0 0.563703125 0.5777291666666666 0.057140625 0.06470833333333333
0 0.412890625 0.430875 0.04865625 0.07175
0 0.17379687500000002 0.7331041666666667 0.047531250000000004 0.042937499999999997
0 0.9788593750000001 0.6575000000000001 0.04228125 0.06235416666666667
0 0.9564375 0.5531458333333333 0.065453125 0.0791875