0 0.4039739583333333 0.09050925925925926 0.17721354166666667 0.18101851851851852
0 0.6003177083333333 0.022222222222222223 0.046984374999999995 0.044444444444444446
0 0.49316666666666664 0.0869537037037037 0.04283333333333333 0.1603425925925926
0 0.7126770833333332 0.047685185185185185 0.07847395833333333 0.09537037037037037
0 0.285375 0.37227777777777776 0.11466666666666667 0.32383333333333336
0 0.15569270833333335 0.2836574074074074 0.06152604166666666 0.14658333333333334
0 0.04635416666666667 0.6503796296296296 0.09270833333333334 0.2489074074074074
0 0.3213229166666667 0.7710648148148148 0.4490208333333333 0.45787037037037037
0 0.8927083333333333 0.5038703703703703 0.21458333333333332 0.42347222222222225
0 0.40736979166666665 0.48631481481481487 0.09203645833333333 0.2031851851851852
0 0.48535416666666664 0.44656481481481486 0.05845833333333333 0.15408333333333332
0 0.5750624999999999 0.3796481481481481 0.0795625 0.14262037037037037
0 0.6504479166666666 0.4423518518518519 0.09285416666666667 0.1430462962962963
0 0.8006875 0.6871666666666667 0.09824999999999999 0.2530462962962963
0 0.91875 0.5711574074074074 0.1625 0.7293611111111111
0 0.9692708333333333 0.15862962962962962 0.06145833333333333 0.23300925925925928
0 0.9418229166666666 0.040740740740740744 0.03677083333333333 0.08148148148148149
0 0.7967916666666667 0.9273148148148148 0.112671875 0.14537037037037037
0 0.7738697916666666 0.5066851851851852 0.04982291666666667 0.16985185185185184
0 0.5353541666666667 0.6564537037037037 0.08346354166666667 0.11858333333333333
0 0.218578125 0.5552962962962963 0.05815104166666667 0.0911388888888889