0 0.5125520833333334 0.41333333333333333 0.3474947916666667 0.7020462962962963
0 0.297734375 0.4234907407407407 0.08973958333333334 0.5706111111111111
0 0.24891145833333334 0.09431481481481481 0.062406249999999996 0.1321574074074074
0 0.353203125 0.38269444444444445 0.03369791666666667 0.09665740740740741
0 0.36361979166666664 0.822787037037037 0.08577604166666666 0.21869444444444444
0 0.19371354166666668 0.9319444444444445 0.08965624999999999 0.1361111111111111
0 0.08863541666666667 0.9423611111111111 0.12466666666666668 0.11527777777777778
0 0.33107291666666666 0.9712962962962963 0.062338541666666664 0.05740740740740741
0 0.15257291666666667 0.7883055555555556 0.11985416666666666 0.17291666666666666
0 0.18004166666666668 0.6957592592592592 0.07272916666666666 0.06189814814814814
0 0.055963541666666665 0.07260185185185185 0.06828125 0.12423148148148147
0 0.04841145833333334 0.2665185185185185 0.04692708333333333 0.060481481481481476
0 0.02421875 0.47173148148148153 0.0484375 0.2619722222222222
0 0.22833854166666667 0.48262037037037037 0.05772395833333333 0.15875925925925927
0 0.8868854166666666 0.8466203703703704 0.04706770833333333 0.1784351851851852
0 0.6719270833333333 0.9419814814814815 0.042083333333333334 0.09136111111111112
0 0.56346875 0.7983055555555555 0.0456875 0.11727777777777777
0 0.61815625 0.8072962962962963 0.042854166666666665 0.09051851851851853
0 0.04440104166666667 0.8214444444444444 0.08880208333333334 0.1265462962962963
0 0.9747395833333333 0.9712962962962963 0.050520833333333334 0.05740740740740741
0 0.8997760416666666 0.9712962962962963 0.060348958333333334 0.05740740740740741
0 0.8762083333333333 0.6768148148148149 0.06320833333333334 0.09637962962962963
0 0.9058958333333333 0.6205833333333334 0.055921875 0.10236111111111111
0 0.44264583333333335 0.04421296296296296 0.06445833333333334 0.08842592592592592
0 0.9781510416666667 0.7716574074074074 0.039109375 0.08406481481481481
0 0.30658854166666666 0.15541666666666668 0.03453645833333333 0.10619444444444444
0 0.25178125 0.26973148148148146 0.041234375000000004 0.0848425925925926
0 0.19866145833333335 0.18480555555555556 0.04330729166666667 0.09553703703703705