0 0.1178125 0.15223148148148147 0.18156250000000002 0.2612777777777778
0 0.5316979166666667 0.2312962962962963 0.15922395833333333 0.2579537037037037
0 0.6125468749999999 0.5183333333333333 0.20373958333333334 0.3531388888888889
0 0.16428645833333333 0.39287037037037037 0.05996354166666666 0.09481481481481482
0 0.14867708333333332 0.31373148148148144 0.030822916666666665 0.040379629629629626
0 0.39968229166666663 0.12929629629629627 0.06706770833333334 0.08955555555555555
0 0.35502083333333334 0.04505555555555555 0.06889583333333334 0.0728425925925926
0 0.252171875 0.5208425925925926 0.037848958333333335 0.10275925925925926
0 0.3186822916666667 0.5504629629629629 0.039562499999999994 0.08056481481481483
0 0.41361458333333334 0.5701388888888889 0.04829166666666666 0.11991666666666666
0 0.4802708333333333 0.6141111111111112 0.043359375 0.17085185185185187
0 0.5175104166666666 0.4636388888888889 0.060536458333333334 0.16710185185185186
0 0.122625 0.8636574074074074 0.07870833333333334 0.2726851851851852
0 0.38483854166666664 0.7966944444444444 0.053010416666666664 0.19919444444444445
0 0.5660729166666666 0.810574074074074 0.0613125 0.1529259259259259
0 0.5793593749999999 0.7314166666666666 0.042328125 0.06124074074074074
0 0.0203125 0.9782407407407407 0.040625 0.04351851851851852
0 0.207234375 0.95625 0.07702604166666666 0.0875
0 0.5750572916666666 0.9747685185185185 0.03501041666666667 0.050462962962962966
0 0.66684375 0.9666666666666667 0.049317708333333335 0.06666666666666667