0 0.08265104166666666 0.06851851851851852 0.048755208333333334 0.13703703703703704
0 0.08643229166666666 0.25792592592592595 0.064640625 0.14917592592592593
0 0.05546875 0.5619814814814815 0.1109375 0.21100925925925926
0 0.2592083333333333 0.7965277777777777 0.24772916666666667 0.40694444444444444
0 0.16259375 0.6029537037037037 0.081578125 0.17719444444444446
0 0.50059375 0.8763888888888889 0.2076666666666667 0.24722222222222223
0 0.9320625 0.5763518518518519 0.0686875 0.08233333333333334
0 0.85615625 0.6763425925925927 0.041854166666666665 0.06953703703703704
0 0.97125 0.8626018518518519 0.044994791666666666 0.09464814814814815
0 0.8043385416666666 0.8735092592592593 0.04444791666666667 0.08261111111111111
0 0.9838541666666667 0.2604814814814815 0.03229166666666667 0.04781481481481482
0 0.53053125 0.5120185185185185 0.044911458333333334 0.11106481481481481
0 0.5770156249999999 0.4761388888888889 0.06263541666666667 0.16431481481481483
0 0.6077395833333333 0.6411481481481482 0.05327083333333334 0.10080555555555556
0 0.50696875 0.6934444444444444 0.057937499999999996 0.10354629629629629
0 0.6578645833333333 0.5865555555555556 0.038953125000000005 0.06392592592592593
0 0.23902083333333335 0.3398425925925926 0.06154166666666667 0.15560185185185185
0 0.32130729166666666 0.18479629629629632 0.053223958333333335 0.1325648148148148
0 0.2606354166666667 0.23825925925925925 0.05477604166666667 0.0774537037037037
0 0.3039895833333333 0.3729444444444444 0.043583333333333335 0.0782962962962963
0 0.2973489583333333 0.32296296296296295 0.032385416666666667 0.048712962962962965
0 0.33276041666666667 0.3882129629629629 0.030307291666666666 0.11808333333333333
0 0.38692187499999997 0.29012037037037036 0.026151041666666666 0.05957407407407408
0 0.44655729166666663 0.2021851851851852 0.037098958333333334 0.08728703703703704
0 0.45046354166666663 0.5668611111111111 0.06573958333333334 0.10501851851851852
0 0.4650416666666667 0.43496296296296294 0.036333333333333336 0.0727037037037037
0 0.6811666666666666 0.8639907407407408 0.041505208333333335 0.08817592592592594
0 0.5353489583333333 0.6427685185185186 0.05194270833333334 0.07164814814814814
0 0.5895104166666666 0.2172037037037037 0.027223958333333336 0.08625925925925926
0 0.333671875 0.4865833333333333 0.026197916666666664 0.06015740740740741
0 0.38054166666666667 0.46967592592592594 0.04702083333333333 0.07730555555555554
0 0.73728125 0.9268611111111111 0.073 0.07122222222222223
0 0.7233541666666666 0.7338611111111112 0.03211979166666667 0.08337962962962962