0 0.055703125 0.10055555555555556 0.10525781249999999 0.20111111111111113
0 0.0570078125 0.22279166666666667 0.07661718749999999 0.10627777777777778
0 0.27847656249999997 0.076625 0.13628125 0.1532361111111111
0 0.5061875 0.052319444444444446 0.06887499999999999 0.104625
0 0.77621875 0.2207222222222222 0.10693749999999999 0.19837500000000002
0 0.598890625 0.30697222222222226 0.13346875 0.1917222222222222
0 0.42624218750000004 0.30859722222222224 0.067296875 0.16256944444444443
0 0.4749296875 0.8250972222222223 0.1081953125 0.17705555555555555
0 0.4974609375 0.8811111111111111 0.06809375 0.11315277777777778
0 0.37689062500000003 0.6732916666666666 0.11680468749999999 0.1882638888888889
0 0.2495703125 0.8588888888888888 0.08471875 0.21683333333333335
0 0.442390625 0.127 0.07667968750000001 0.196
0 0.7056484375000001 0.6545555555555556 0.0866171875 0.17391666666666666
0 0.6858515625 0.3547083333333333 0.082125 0.18504166666666666
0 0.9441640625 0.9469861111111112 0.061250000000000006 0.10601388888888888
0 0.9461328124999999 0.4151111111111111 0.0571796875 0.09770833333333333
0 0.8856249999999999 0.5301666666666667 0.0546953125 0.10025
0 0.5326953125 0.6442638888888889 0.0566953125 0.06940277777777777
0 0.986390625 0.9547777777777778 0.027218750000000003 0.09044444444444445
0 0.8163750000000001 0.89075 0.0578984375 0.09340277777777778
0 0.90021875 0.8673333333333334 0.058109375 0.08627777777777777
0 0.810125 0.632 0.061789062500000005 0.07470833333333333
0 0.8771171875 0.4720416666666667 0.0528671875 0.07381944444444444