0 0.03919270833333333 0.11212962962962962 0.07838541666666667 0.20017592592592592
0 0.1210625 0.2297685185185185 0.08391666666666667 0.34232407407407406
0 0.21441666666666667 0.13912037037037037 0.16022395833333333 0.27824074074074073
0 0.3684375 0.11828703703703704 0.10999479166666666 0.23657407407407408
0 0.35425 0.45645370370370375 0.12535416666666668 0.24069444444444443
0 0.2651875 0.4229351851851852 0.050687499999999996 0.04863888888888889
0 0.44903125 0.5876666666666667 0.081625 0.2114537037037037
0 0.6373020833333333 0.3675925925925926 0.199875 0.26666666666666666
0 0.6691979166666666 0.5194166666666666 0.18035416666666665 0.1443888888888889
0 0.47832291666666665 0.08829629629629629 0.056890625 0.1664074074074074
0 0.5202447916666667 0.07234259259259258 0.040755208333333334 0.10208333333333333
0 0.591859375 0.08737962962962964 0.079828125 0.12752777777777777
0 0.7207552083333333 0.28274074074074074 0.09807291666666668 0.22248148148148147
0 0.752 0.20375925925925925 0.06683333333333333 0.25380555555555556
0 0.9290677083333333 0.12646296296296297 0.098109375 0.25292592592592594
0 0.8931406249999999 0.6216296296296296 0.21371874999999999 0.5802962962962963
0 0.7775156249999999 0.7311574074074074 0.03628125 0.12805555555555556
0 0.8982135416666667 0.9516203703703704 0.06347395833333333 0.09675925925925925
0 0.6350833333333333 0.876712962962963 0.087125 0.11825
0 0.2825052083333333 0.9828703703703704 0.063109375 0.03425925925925926
0 0.011848958333333333 0.9724537037037037 0.023697916666666666 0.055092592592592596
0 0.5665989583333333 0.9793981481481482 0.08346875 0.0412037037037037
0 0.5471979166666666 0.5409444444444444 0.07799479166666666 0.09022222222222222
0 0.6732291666666667 0.7994259259259259 0.0446875 0.13958333333333334
0 0.08330208333333333 0.6210185185185185 0.039640625 0.05592592592592593
0 0.9220364583333333 0.2704166666666667 0.044468749999999994 0.1649074074074074
0 0.8519947916666666 0.1410648148148148 0.08559895833333334 0.09047222222222222