0 0.109671875 0.1154375 0.097328125 0.20987499999999998
0 0.027078124999999998 0.34260416666666665 0.054171875 0.17966666666666667
0 0.14803125 0.404875 0.079625 0.15139583333333334
0 0.21400000000000002 0.3852083333333333 0.044921875 0.11670833333333334
0 0.332578125 0.4974166666666667 0.16540625 0.26241666666666663
0 0.648515625 0.16920833333333332 0.24184375 0.33841666666666664
0 0.51240625 0.1773125 0.12481249999999999 0.354625
0 0.8932968750000001 0.277125 0.148140625 0.22922916666666668
0 0.9098906250000001 0.6172708333333333 0.180203125 0.3077083333333333
0 0.750578125 0.8879583333333334 0.170609375 0.22408333333333333
0 0.502703125 0.6761666666666667 0.2279375 0.6476875
0 0.08003125 0.9574166666666667 0.1600625 0.0851875
0 0.23275 0.8461666666666667 0.076859375 0.11270833333333334
0 0.095078125 0.8834375 0.081828125 0.09002083333333334
0 0.2865625 0.8399375 0.031734374999999995 0.07708333333333334
0 0.8533593749999999 0.7496666666666666 0.0960625 0.18358333333333335
0 0.7571875 0.43012500000000004 0.04534375 0.06197916666666667
0 0.7915625000000001 0.5409375 0.06689062500000001 0.09022916666666667
0 0.135890625 0.6284166666666666 0.069203125 0.08925000000000001
0 0.02275 0.7325416666666666 0.045484375 0.12158333333333333
0 0.25601562499999997 0.41783333333333333 0.051171875 0.12177083333333334