0 0.160765625 0.5430625 0.32153125 0.9138750000000001
0 0.83459375 0.35858333333333337 0.2441875 0.20695833333333333
0 0.47456250000000005 0.2833333333333333 0.292171875 0.3759375
0 0.50565625 0.6640208333333334 0.22549999999999998 0.2808333333333334
0 0.298234375 0.7710208333333333 0.095609375 0.1198125
0 0.265625 0.6648333333333334 0.03746875 0.08860416666666666
0 0.55190625 0.8692291666666667 0.10989062499999999 0.15341666666666667
0 0.690484375 0.8644791666666667 0.058828124999999995 0.12197916666666667
0 0.921515625 0.7533124999999999 0.08937500000000001 0.14425
0 0.640265625 0.8132708333333334 0.034140625 0.048854166666666664
0 0.360859375 0.051354166666666666 0.035296875 0.08322916666666667