0 0.5650520833333333 0.8598425925925925 0.1203125 0.27673148148148147
0 0.050625 0.19587962962962965 0.10125 0.290462962962963
0 0.14935416666666665 0.35785185185185187 0.095453125 0.17023148148148148
0 0.17862499999999998 0.5614351851851852 0.13899999999999998 0.14806481481481482
0 0.0620625 0.7211944444444445 0.124125 0.18980555555555556
0 0.178421875 0.772824074074074 0.22690625 0.3560185185185185
0 0.30142708333333335 0.7348981481481482 0.06631770833333334 0.20978703703703702
0 0.4489114583333333 0.8609814814814815 0.07133854166666667 0.13232407407407407
0 0.600046875 0.6715925925925926 0.05865625 0.12022222222222223
0 0.7408697916666667 0.9742592592592593 0.11034375 0.05148148148148148
0 0.4113072916666667 0.7249166666666667 0.047197916666666666 0.06391666666666666
0 0.6449374999999999 0.5718148148148148 0.041791666666666664 0.07992592592592591
0 0.9449166666666666 0.8546851851851851 0.07517187500000001 0.11233333333333333
0 0.6198385416666666 0.965925925925926 0.07324479166666667 0.06814814814814814