0 0.906015625 0.9465625000000001 0.13479687499999998 0.106875
0 0.811625 0.09581250000000001 0.08871875 0.14204166666666668
0 0.948140625 0.04097916666666667 0.06359375 0.08195833333333334
0 0.7490625 0.017562499999999998 0.0404375 0.035124999999999997
0 0.870078125 0.19529166666666667 0.052328125 0.07481249999999999
0 0.689 0.7354791666666666 0.157203125 0.16864583333333333
0 0.76265625 0.27577083333333335 0.08084375 0.1019375
0 0.86203125 0.49895833333333334 0.0733125 0.08997916666666667
0 0.96715625 0.4484166666666667 0.0656875 0.1405625
0 0.91215625 0.634 0.06559374999999999 0.09495833333333333
0 0.68996875 0.8703958333333334 0.095484375 0.12860416666666666
0 0.05225 0.7810416666666666 0.1045 0.13229166666666667
0 0.48109375 0.8767708333333334 0.07740625 0.09495833333333333
0 0.546734375 0.9219166666666666 0.051390625 0.0795625
0 0.07103125 0.8534166666666666 0.045328125000000004 0.0759375
0 0.263671875 0.6235833333333333 0.0545625 0.11635416666666668
0 0.30328125 0.662875 0.03871875 0.06816666666666667
0 0.36112500000000003 0.7469791666666666 0.070421875 0.08424999999999999
0 0.45823437499999997 0.7480833333333333 0.040625 0.04483333333333333
0 0.530328125 0.8082083333333333 0.033296875 0.06097916666666667
0 0.41778125 0.7423333333333333 0.03528125 0.051041666666666666
0 0.15325 0.49122916666666666 0.05103124999999999 0.07014583333333334
0 0.08115625 0.5176666666666666 0.055671875 0.08241666666666667
0 0.199015625 0.493 0.04421875 0.04004166666666666
0 0.951109375 0.8825416666666667 0.047703125 0.11279166666666667
0 0.6628125 0.4202291666666667 0.039625 0.11758333333333333
0 0.199796875 0.4248333333333333 0.04384375 0.044875
0 0.029562500000000002 0.5420416666666666 0.059125000000000004 0.0565