0 0.5915625 0.8815624999999999 0.14425 0.19739583333333333
0 0.722453125 0.5483125 0.204625 0.25775
0 0.937890625 0.7320625 0.118140625 0.1900625
0 0.5696875 0.31970833333333337 0.079671875 0.11533333333333333
0 0.178921875 0.8193125 0.086328125 0.11920833333333333
0 0.19471875 0.5975416666666666 0.10201562500000001 0.09989583333333334
0 0.315484375 0.7193958333333333 0.074515625 0.10083333333333333
0 0.359140625 0.6675208333333333 0.054484374999999995 0.0605
0 0.44440625 0.4473958333333333 0.063328125 0.2180625
0 0.519640625 0.47887500000000005 0.098328125 0.19043749999999998
0 0.3526875 0.13914583333333336 0.07146875 0.13597916666666665
0 0.45509374999999996 0.10902083333333333 0.06434375 0.08477083333333332