0 0.44576562500000005 0.14722916666666666 0.202921875 0.2944375
0 0.110640625 0.5386458333333334 0.18534375 0.3125
0 0.315375 0.262625 0.060687500000000005 0.07752083333333333
0 0.274234375 0.5807708333333333 0.059859375000000006 0.07085416666666666
0 0.3365625 0.5067291666666667 0.08451562500000001 0.08933333333333333
0 0.264515625 0.74625 0.107078125 0.14270833333333333
0 0.34576562499999997 0.8843541666666667 0.11125 0.14739583333333334
0 0.55321875 0.6295625 0.109546875 0.14245833333333333
0 0.300875 0.40547916666666667 0.07978125 0.09783333333333334
0 0.739640625 0.7732708333333334 0.089703125 0.1104375
0 0.9802031250000001 0.9453125 0.039578125 0.065625
0 0.46167187500000006 0.769625 0.095875 0.21166666666666664
0 0.48029687499999996 0.9898125 0.08870312500000001 0.020374999999999997
0 0.607125 0.79375 0.043687500000000004 0.0726875