0 0.2824375 0.5245462962962962 0.05672395833333333 0.11387037037037037
0 0.39082812499999997 0.1772037037037037 0.044375000000000005 0.11874074074074074
0 0.20347395833333334 0.5486296296296296 0.05502083333333333 0.14260185185185184
0 0.37221354166666665 0.4972407407407407 0.04255208333333334 0.12218518518518519
0 0.484703125 0.264212962962963 0.06756770833333332 0.14841666666666667
0 0.514390625 0.40537962962962965 0.08111458333333334 0.15313888888888888
0 0.6575989583333333 0.28087962962962965 0.10113541666666667 0.1891574074074074
0 0.7384583333333333 0.3188333333333333 0.05225 0.1688148148148148
0 0.5914635416666666 0.4649166666666667 0.05196354166666666 0.12785185185185186
0 0.8502916666666667 0.5728518518518518 0.1219375 0.2558888888888889
0 0.9015052083333334 0.3295 0.05076041666666666 0.2021851851851852
0 0.8910572916666666 0.8023148148148148 0.1845520833333333 0.39537037037037037
0 0.9643229166666667 0.6362685185185185 0.07135416666666666 0.18828703703703703
0 0.5212916666666667 0.5275555555555556 0.069921875 0.09397222222222222
0 0.6635885416666666 0.6816203703703704 0.08291145833333333 0.20491666666666666
0 0.33796875 0.9095740740740741 0.053015625000000004 0.13766666666666666
0 0.38015104166666663 0.8339074074074074 0.054052083333333334 0.09281481481481481
0 0.4483802083333333 0.8519907407407408 0.049078125 0.10250000000000001
0 0.42272916666666666 0.9736111111111111 0.0456875 0.05277777777777778
0 0.47519791666666666 0.9793981481481482 0.052723958333333334 0.0412037037037037
0 0.5667291666666666 0.9747685185185185 0.0545625 0.050462962962962966
0 0.40825 0.5988148148148148 0.037328125000000004 0.055129629629629626
0 0.5565677083333332 0.27259259259259255 0.050671875000000005 0.12242592592592592