0 0.9014583333333334 0.2086111111111111 0.16958333333333334 0.25889814814814816
0 0.20816666666666667 0.14606481481481481 0.17272395833333334 0.29212962962962963
0 0.09164062499999999 0.5014074074074074 0.10630208333333332 0.14162037037037037
0 0.018359375 0.7225833333333334 0.03671875 0.2266388888888889
0 0.20022395833333334 0.8520833333333333 0.12351041666666666 0.29583333333333334
0 0.8744791666666667 0.8 0.25104166666666666 0.4
0 0.33680208333333334 0.49650000000000005 0.061296875 0.16800925925925925
0 0.5067083333333333 0.4962592592592593 0.07825 0.2647314814814815
0 0.11949479166666667 0.8878148148148148 0.06919791666666668 0.19599074074074072
0 0.33094270833333334 0.9469907407407407 0.11207291666666667 0.10601851851851851
0 0.6540833333333332 0.6844074074074074 0.070671875 0.1919537037037037
0 0.7294739583333333 0.9269351851851853 0.046781249999999996 0.08442592592592593
0 0.19032812500000001 0.4132037037037037 0.04955208333333334 0.11251851851851852
0 0.08434895833333332 0.24496296296296297 0.058390625 0.12326851851851851
0 0.017708333333333333 0.39562037037037034 0.035416666666666666 0.11808333333333333
0 0.26245833333333335 0.8695462962962963 0.06675 0.11778703703703704
0 0.231078125 0.6779444444444443 0.04357291666666666 0.08643518518518518
0 0.61515625 0.5189444444444444 0.08395833333333333 0.17123148148148148
0 0.47584375 0.6638611111111111 0.05846354166666667 0.15931481481481483