0 0.00859375 0.08923611111111111 0.0171875 0.09420833333333332
0 0.0778359375 0.2537638888888889 0.0453671875 0.057541666666666665
0 0.1400703125 0.3826527777777778 0.0615234375 0.1255
0 0.18199218749999999 0.32530555555555557 0.045390625000000004 0.11883333333333333
0 0.1303046875 0.7149583333333334 0.11490625000000002 0.14195833333333333
0 0.148015625 0.6045833333333334 0.0794921875 0.1295277777777778
0 0.0748359375 0.4816944444444444 0.060609375 0.11987500000000001
0 0.13382031249999998 0.48425 0.0531875 0.07405555555555556
0 0.4560625 0.034958333333333334 0.0936015625 0.06990277777777777
0 0.586265625 0.2881944444444444 0.208203125 0.41805555555555557
0 0.5332656250000001 0.1262361111111111 0.098046875 0.20526388888888888
0 0.659171875 0.407625 0.08321875 0.23099999999999998
0 0.8848046875 0.437625 0.23038281249999998 0.8372777777777778
0 0.8975546874999999 0.05579166666666667 0.08364843749999999 0.11156944444444444
0 0.686125 0.8115694444444445 0.14129687500000002 0.3768472222222222
0 0.5691953125 0.700125 0.1300546875 0.29747222222222225
0 0.462171875 0.6995277777777779 0.13996875 0.3379861111111111
0 0.197359375 0.5978611111111111 0.040703125 0.12073611111111113
0 0.41244531249999994 0.4280138888888889 0.04803125 0.10509722222222223
0 0.4461640625 0.3407777777777778 0.040484375 0.06488888888888888
0 0.74809375 0.44143055555555555 0.0486015625 0.10416666666666667
0 0.7771250000000001 0.6797777777777778 0.040015625 0.14568055555555556
0 0.3098515625 0.6795555555555555 0.07613281250000001 0.07579166666666667
0 0.29383593750000003 0.5853750000000001 0.037851562500000005 0.105
0 0.7504375 0.14545833333333333 0.0387109375 0.10019444444444445
0 0.8151484375000001 0.9269305555555556 0.0681484375 0.08443055555555555
0 0.251390625 0.501375 0.034203125 0.06201388888888889