0 0.224015625 0.5668541666666667 0.280828125 0.33487500000000003
0 0.9394218750000001 0.7604583333333333 0.12115625000000001 0.2670625
0 0.062125 0.8018333333333333 0.068546875 0.09245833333333334
0 0.205265625 0.9255208333333333 0.14525 0.08870833333333333
0 0.090609375 0.9104791666666666 0.10053125 0.13804166666666667
0 0.6124375 0.7103541666666667 0.08090625 0.0863125
0 0.642484375 0.5930833333333333 0.07370312500000001 0.07727083333333334
0 0.44370312500000003 0.5175 0.110671875 0.17720833333333333
0 0.9604531250000001 0.4495625 0.07909374999999999 0.12077083333333333
0 0.900140625 0.5049791666666666 0.057015625 0.09325
0 0.9292031250000001 0.18339583333333334 0.14159375000000002 0.2475625
0 0.9460312500000001 0.30195833333333333 0.10793749999999999 0.12572916666666667
0 0.8664999999999999 0.3466666666666667 0.077578125 0.10293749999999999
0 0.7989531249999999 0.310625 0.07323437499999999 0.04689583333333334
0 0.36990625 0.07514583333333333 0.0926875 0.09714583333333333
0 0.372546875 0.2551875 0.0510625 0.09627083333333333
0 0.228078125 0.3779166666666667 0.06867187500000001 0.05327083333333334
0 0.05682812499999999 0.42260416666666667 0.045859375 0.056125
0 0.022953124999999998 0.27556250000000004 0.045906249999999996 0.09054166666666667
0 0.82528125 0.06745833333333334 0.08549999999999999 0.1349375
0 0.586234375 0.35402083333333334 0.07271875 0.16254166666666667
0 0.691640625 0.28227083333333336 0.054718750000000003 0.08312499999999999
0 0.676359375 0.20179166666666667 0.04696875 0.08104166666666666
0 0.710015625 0.13295833333333335 0.058796875000000005 0.0665625
0 0.725890625 0.07895833333333332 0.06553125 0.08997916666666667
0 0.17978125 0.16035416666666666 0.06353125 0.07583333333333334
0 0.23025 0.15347916666666667 0.056796875000000004 0.0846875
0 0.12989062499999998 0.4155625 0.07660937500000001 0.08047916666666667
0 0.048171874999999996 0.5427916666666667 0.05796875 0.14581249999999998
0 0.105609375 0.12475 0.129015625 0.24952083333333333
0 0.030765625 0.2061875 0.06153125 0.07222916666666666
0 0.06428125 0.15922916666666667 0.055953125000000006 0.080625
0 0.20765625000000001 0.023395833333333334 0.05390625 0.04679166666666667
0 0.382765625 0.0338125 0.071484375 0.067625
0 0.40246875 0.154125 0.060921875 0.10904166666666668
0 0.28314062500000003 0.080875 0.0568125 0.10664583333333333
0 0.5407968750000001 0.07681249999999999 0.04146875 0.06175
0 0.475421875 0.0161875 0.047234375 0.032375
0 0.7680625 0.03220833333333333 0.050078124999999994 0.06441666666666666
0 0.5077499999999999 0.2508125 0.05228125 0.05352083333333334
0 0.523015625 0.15564583333333332 0.038328125000000005 0.057937499999999996
0 0.5841875 0.14920833333333333 0.062875 0.07022916666666666
0 0.60665625 0.23860416666666667 0.032546874999999996 0.063125
0 0.41581250000000003 0.23235416666666667 0.041453125 0.08587499999999999
0 0.8429375 0.20127083333333334 0.057984375 0.08139583333333333
0 0.20459375 0.24789583333333332 0.043453124999999995 0.0765