0 0.838453125 0.08819444444444445 0.09184375 0.1763888888888889
0 0.6046171874999999 0.11911111111111111 0.0491015625 0.10991666666666666
0 0.656828125 0.12768055555555557 0.0410390625 0.09743055555555556
0 0.4029453125 0.15938888888888889 0.1165078125 0.17566666666666667
0 0.7470625 0.6495972222222222 0.342328125 0.7008055555555556
0 0.610078125 0.37501388888888887 0.0816171875 0.133375
0 0.934671875 0.49165277777777777 0.0843125 0.14440277777777777
0 0.9806015625000001 0.7369444444444445 0.038804687500000004 0.09797222222222222
0 0.48001562499999995 0.6319305555555556 0.0831953125 0.1398472222222222
0 0.5375625 0.5439861111111112 0.0712265625 0.11202777777777777
0 0.23472656249999999 0.7654444444444445 0.0779453125 0.13669444444444445
0 0.0229140625 0.5481666666666667 0.0458359375 0.20552777777777775
0 0.36921875000000004 0.24570833333333333 0.09281249999999999 0.20394444444444446
0 0.1400625 0.8109999999999999 0.07388281249999999 0.11643055555555555
0 0.27846875 0.21794444444444444 0.0737890625 0.18541666666666667
0 0.3377109375 0.03263888888888889 0.046453125 0.06527777777777778