0 0.6168541666666666 0.06273148148148149 0.10274479166666667 0.12546296296296297
0 0.5098333333333334 0.06967592592592593 0.08241666666666667 0.13935185185185187
0 0.3455260416666667 0.10732407407407407 0.08291145833333333 0.1566574074074074
0 0.24528125 0.7722222222222223 0.28860416666666666 0.45555555555555555
0 0.5929062500000001 0.8172222222222223 0.19231770833333334 0.2446296296296296
0 0.950421875 0.9284722222222223 0.07623958333333333 0.14305555555555555
0 0.9760416666666667 0.8112222222222222 0.04791666666666667 0.13078703703703703
0 0.37611979166666665 0.04225925925925926 0.05036458333333334 0.08451851851851852
0 0.14163541666666665 0.35325 0.07922916666666667 0.22873148148148148
0 0.12926041666666668 0.2262314814814815 0.049666666666666665 0.0719074074074074
0 0.07041145833333333 0.4611018518518519 0.06738020833333333 0.12035185185185185
0 0.12874479166666666 0.7434259259259259 0.055531250000000004 0.11092592592592593
0 0.5107447916666666 0.9793981481481482 0.08840625 0.0412037037037037