0 0.0515625 0.08819444444444445 0.103125 0.1763888888888889
0 0.4343125 0.11481944444444445 0.120703125 0.22962500000000002
0 0.21675781249999998 0.38130555555555556 0.108671875 0.16422222222222221
0 0.3658359375 0.2602777777777778 0.0527109375 0.114625
0 0.4942109375 0.3760138888888889 0.1865703125 0.3461111111111111
0 0.5561875 0.24570833333333333 0.11471093750000001 0.18543055555555554
0 0.6947109375 0.5814722222222223 0.0772421875 0.1389027777777778
0 0.7590312499999999 0.5837916666666666 0.0788125 0.14352777777777778
0 0.8881875000000001 0.8105694444444445 0.09133593749999999 0.13441666666666666
0 0.5352265625 0.9169027777777777 0.12278125 0.16620833333333335
0 0.3834140625 0.8720833333333333 0.0774453125 0.18304166666666666
0 0.144234375 0.8647222222222223 0.0740234375 0.1649861111111111
0 0.9669296875000001 0.90725 0.0661484375 0.17931944444444448
0 0.808765625 0.7642916666666666 0.0678828125 0.15288888888888888
0 0.966171875 0.6265694444444444 0.067234375 0.10405555555555555
0 0.7404140625 0.8133333333333334 0.045742187499999996 0.07331944444444444
0 0.7397578125 0.7059583333333334 0.044437500000000005 0.04733333333333333
0 0.4751953125 0.657375 0.041015625 0.1352361111111111
0 0.049062499999999995 0.9631944444444445 0.089890625 0.07361111111111111
0 0.085515625 0.8772083333333334 0.048234375 0.11223611111111112
0 0.082265625 0.6300694444444445 0.041726562499999995 0.06949999999999999
0 0.038125 0.759888888888889 0.0388515625 0.07375
0 0.6171171875 0.7001805555555556 0.05535156249999999 0.10981944444444444