0 0.12184375 0.08394444444444445 0.0563125 0.10619444444444444
0 0.16702083333333334 0.09366666666666666 0.067515625 0.15155555555555555
0 0.23446354166666666 0.047685185185185185 0.05242708333333333 0.09537037037037037
0 0.3999479166666667 0.07662037037037037 0.10427083333333333 0.15324074074074073
0 0.4845729166666667 0.1640185185185185 0.06522916666666666 0.14049074074074072
0 0.690546875 0.4576574074074074 0.04390625 0.039314814814814816
0 0.23016666666666669 0.44610185185185186 0.068828125 0.14575925925925926
0 0.26441145833333335 0.3461296296296296 0.049828125 0.1234814814814815
0 0.10065104166666666 0.44602777777777775 0.20130208333333333 0.3170648148148148
0 0.1899375 0.6411944444444444 0.136265625 0.25093518518518515
0 0.022916666666666665 0.7828240740740741 0.04583333333333333 0.24547222222222223
0 0.07848958333333332 0.6284444444444445 0.07791666666666666 0.09587962962962962
0 0.110640625 0.7147685185185185 0.05148958333333333 0.13157407407407407
0 0.15465104166666668 0.8663333333333333 0.05319270833333333 0.10158333333333333
0 0.23979687500000002 0.9643518518518519 0.03897395833333333 0.0712962962962963
0 0.028776041666666665 0.9469907407407407 0.05755208333333333 0.10601851851851851
0 0.09580208333333333 0.975925925925926 0.04589583333333334 0.04814814814814815
0 0.1963125 0.7976018518518518 0.030125000000000002 0.06775925925925927
0 0.35216666666666663 0.8706018518518519 0.1399375 0.2587962962962963
0 0.6478333333333333 0.9099537037037037 0.13108333333333333 0.18009259259259258
0 0.3375833333333333 0.702462962962963 0.08577604166666666 0.14474074074074073
0 0.39668749999999997 0.7293425925925926 0.045682291666666666 0.0977962962962963
0 0.378328125 0.6538703703703703 0.045197916666666664 0.09385185185185185
0 0.39421354166666667 0.568712962962963 0.06133854166666666 0.12723148148148147
0 0.6537031249999999 0.7781666666666667 0.057703125 0.08811111111111111
0 0.804984375 0.9238425925925926 0.09382291666666666 0.15231481481481482
0 0.8945677083333333 0.8779074074074074 0.060348958333333334 0.12473148148148148
0 0.88740625 0.6283981481481481 0.08977083333333334 0.20032407407407407
0 0.944171875 0.6496944444444444 0.11165104166666667 0.18735185185185185
0 0.963671875 0.858712962962963 0.07265625 0.1862777777777778
0 0.7892291666666666 0.8568240740740741 0.05450520833333334 0.0692037037037037
0 0.8203541666666666 0.7936851851851852 0.07856250000000001 0.1450462962962963
0 0.6900260416666666 0.7346666666666667 0.06578125 0.11955555555555555
0 0.7566822916666667 0.6679907407407407 0.03211458333333333 0.09893518518518518
0 0.7848072916666666 0.6723888888888888 0.050859375000000005 0.09384259259259259
0 0.42090625 0.8936481481481481 0.023291666666666665 0.11178703703703705
0 0.463609375 0.9666666666666667 0.03163020833333333 0.06666666666666667
0 0.758640625 0.9851851851851852 0.030119791666666666 0.02962962962962963
0 0.75525 0.9269351851851853 0.0308125 0.08442592592592593
0 0.7202291666666666 0.8362314814814815 0.036619791666666665 0.06967592592592593