0 0.007291666666666667 0.06519444444444444 0.014583333333333334 0.0835
0 0.05765625 0.30095370370370367 0.09874479166666666 0.20746296296296296
0 0.024869791666666665 0.5335740740740741 0.04973958333333333 0.1282222222222222
0 0.20217708333333334 0.5025185185185186 0.07533333333333332 0.17077777777777778
0 0.2886302083333333 0.6191388888888889 0.16284375 0.2558611111111111
0 0.273390625 0.47199074074074077 0.04488020833333333 0.05416666666666667
0 0.3245625 0.10033333333333333 0.049317708333333335 0.15344444444444444
0 0.43041145833333333 0.12672222222222224 0.05896875 0.1043611111111111
0 0.3701302083333333 0.2054351851851852 0.10296354166666667 0.1270925925925926
0 0.7599427083333333 0.1373611111111111 0.09521874999999999 0.15341666666666667
0 0.8029114583333333 0.4846944444444445 0.10824479166666667 0.2323425925925926
0 0.9259479166666666 0.4943981481481482 0.14602083333333335 0.2795462962962963
0 0.6492708333333332 0.45762962962962966 0.040515625000000006 0.16432407407407407
0 0.508390625 0.7181759259259259 0.12043229166666666 0.25025
0 0.299046875 0.8102870370370371 0.17326041666666667 0.2215
0 0.36244791666666665 0.9203703703703704 0.085515625 0.15925925925925927
0 0.27794791666666663 0.9539351851851852 0.060578125000000003 0.09212962962962963
0 0.974375 0.9377314814814814 0.051244791666666664 0.12453703703703704
0 0.7206197916666667 0.9736111111111111 0.064484375 0.05277777777777778