0 0.36590625 0.22533333333333333 0.084859375 0.09656250000000001
0 0.58740625 0.32529166666666665 0.07240625 0.10033333333333333
0 0.27059375 0.4051458333333333 0.069234375 0.0934375
0 0.50165625 0.4389375 0.0841875 0.14620833333333336
0 0.506859375 0.5592291666666667 0.094609375 0.094375
0 0.65475 0.8413125 0.159515625 0.16316666666666665
0 0.729765625 0.9539375 0.1488125 0.092125
0 0.6188281250000001 0.5397916666666667 0.0980625 0.1295625
0 0.758390625 0.6964375 0.127203125 0.23452083333333332
0 0.7401718749999999 0.407625 0.12478125 0.23099999999999998
0 0.835125 0.4115625 0.07928125 0.23424999999999999
0 0.8779999999999999 0.2621041666666667 0.057390624999999994 0.09270833333333334
0 0.8681093750000001 0.7103750000000001 0.097796875 0.1635
0 0.17771874999999998 0.5499583333333333 0.08621875 0.11289583333333333
0 0.35278125 0.7482291666666666 0.04215625 0.06491666666666666
0 0.386203125 0.7202916666666667 0.04771875 0.08316666666666667
0 0.47231249999999997 0.8991666666666667 0.0560625 0.10295833333333333
0 0.94590625 0.6143541666666666 0.0531875 0.08777083333333334
0 0.928875 0.8716458333333333 0.08728125 0.06072916666666666
0 0.8615468749999999 0.8635416666666667 0.06059375 0.06535416666666667
0 0.953296875 0.7927083333333333 0.033875 0.058124999999999996
0 0.49779687499999997 0.791375 0.040484375 0.06683333333333333
0 0.559015625 0.7697916666666667 0.07484375 0.0615625
0 0.536421875 0.9575833333333333 0.060921875 0.08485416666666666
0 0.28446875 0.7580625 0.07368749999999999 0.060812500000000005
0 0.21415625 0.7499375 0.089671875 0.050145833333333334
0 0.169125 0.7045 0.059281249999999994 0.08039583333333335