0 0.023046875 0.17345833333333335 0.045390625000000004 0.11452083333333334
0 0.07390624999999999 0.15402083333333336 0.0646875 0.11268750000000001
0 0.12632812499999999 0.04504166666666667 0.077890625 0.09006249999999999
0 0.22112500000000002 0.012645833333333334 0.089703125 0.025291666666666667
0 0.404265625 0.021895833333333333 0.067171875 0.043791666666666666
0 0.715171875 0.168125 0.1363125 0.21033333333333332
0 0.682015625 0.0478125 0.094984375 0.095625
0 0.96515625 0.14916666666666664 0.0696875 0.144625
0 0.7401718749999999 0.33937500000000004 0.12798437499999998 0.21947916666666664
0 0.8299218749999999 0.42916666666666664 0.104734375 0.15833333333333333
0 0.858390625 0.5409375 0.08946875 0.1642708333333333
0 0.772109375 0.6917916666666667 0.171984375 0.24379166666666666
0 0.518671875 0.8125833333333333 0.18209375 0.34645833333333337
0 0.25496875 0.8470833333333334 0.14353125 0.26266666666666666
0 0.01753125 0.7651666666666667 0.0350625 0.1821875
0 0.08415625 0.815625 0.0685 0.07014583333333334
0 0.44540625 0.3606666666666667 0.127234375 0.188
0 0.3030625 0.1440625 0.106375 0.18072916666666666
0 0.07876562499999999 0.5087708333333334 0.110515625 0.13235416666666666
0 0.26590625 0.5751875 0.062625 0.15870833333333334
0 0.051390625 0.4564791666666667 0.10278125 0.16664583333333333
0 0.19143749999999998 0.39816666666666667 0.083109375 0.10558333333333333
0 0.270765625 0.29310416666666667 0.072078125 0.08991666666666666
0 0.60303125 0.5532083333333334 0.10365625 0.09160416666666667
0 0.5276875000000001 0.3713125 0.052953125000000004 0.16299999999999998
0 0.12442187499999999 0.35675 0.057406250000000006 0.0921875
0 0.707546875 0.9192083333333334 0.151578125 0.16158333333333333
0 0.9391093749999999 0.5064583333333333 0.084265625 0.11847916666666666
0 0.9634218750000001 0.8318125 0.06343750000000001 0.14881250000000001
0 0.95040625 0.3875 0.07906250000000001 0.186125
0 0.55390625 0.21141666666666667 0.09426562499999999 0.0793125
0 0.034890624999999995 0.2875625 0.06979687500000001 0.0788125
0 0.537765625 0.4835625 0.06753125 0.1050625