0 0.06171875 0.24758333333333332 0.1234375 0.3668611111111111
0 0.173921875 0.07144444444444444 0.056320312500000004 0.066375
0 0.1968359375 0.3338611111111111 0.05215625 0.10634722222222222
0 0.17027343749999999 0.25216666666666665 0.0531953125 0.042888888888888886
0 0.2192265625 0.22902777777777777 0.038625 0.08915277777777778
0 0.1430625 0.31233333333333335 0.042515625 0.08920833333333333
0 0.30750781250000003 0.3947222222222222 0.106859375 0.10962500000000001
0 0.1760078125 0.9446805555555555 0.0938203125 0.11065277777777778
0 0.030078125 0.8938333333333333 0.06015625 0.12472222222222222
0 0.34565625 0.943513888888889 0.14775 0.11295833333333333
0 0.26037499999999997 0.9206805555555555 0.0605 0.12284722222222223
0 0.42221093749999994 0.9247638888888889 0.088390625 0.15045833333333333
0 0.686640625 0.9319444444444445 0.09859375000000001 0.1361111111111111
0 0.1915 0.6820972222222222 0.06023437499999999 0.10401388888888889
0 0.54315625 0.4786944444444445 0.077984375 0.1370138888888889
0 0.442125 0.19316666666666668 0.053000000000000005 0.1284722222222222
0 0.5169921875 0.15105555555555555 0.07590625 0.1108611111111111
0 0.8036796875000001 0.24519444444444444 0.1172578125 0.17463888888888887
0 0.6237578125 0.35766666666666663 0.060304687499999995 0.13106944444444446
0 0.8122812500000001 0.5872222222222222 0.05825 0.09019444444444444
0 0.6117734375 0.5191944444444444 0.04259375 0.11152777777777777
0 0.404765625 0.5363194444444445 0.0659921875 0.09948611111111111
0 0.08278125 0.5694444444444444 0.061515625 0.12593055555555555
0 0.24005468749999997 0.4331388888888889 0.044703124999999996 0.07909722222222222
0 0.11089843749999999 0.809138888888889 0.0801328125 0.11273611111111112
0 0.20842187499999998 0.8676944444444444 0.07325000000000001 0.07705555555555556
0 0.9923203125000001 0.11609722222222223 0.0153671875 0.07427777777777778
0 0.46595312499999997 0.3007638888888889 0.0425703125 0.08456944444444445