0 0.9272500000000001 0.27247916666666666 0.145484375 0.3495625
0 0.6695156250000001 0.5240416666666666 0.13109375 0.17214583333333333
0 0.32042187499999997 0.6459583333333333 0.252203125 0.36508333333333337
0 0.362265625 0.8392916666666667 0.18590625 0.2806875
0 0.5145 0.7357708333333334 0.121 0.229875
0 0.8377343749999999 0.9516249999999999 0.11573437499999999 0.09674999999999999
0 0.496625 0.4014583333333333 0.104671875 0.19339583333333332
0 0.522484375 0.9597291666666667 0.084203125 0.08056250000000001
0 0.06296874999999999 0.789 0.09003125 0.14189583333333333
0 0.126859375 0.417125 0.087265625 0.17129166666666668
0 0.342640625 0.43633333333333335 0.15221875 0.17729166666666665
0 0.36 0.03958333333333333 0.07584375 0.07916666666666666
0 0.440546875 0.058916666666666666 0.067515625 0.10302083333333334
0 0.145078125 0.11864583333333334 0.068171875 0.12010416666666666
0 0.20184375000000002 0.09760416666666667 0.06271875 0.1298125
0 0.2226875 0.39839583333333334 0.10393749999999999 0.1199375
0 0.043703124999999995 0.6617291666666667 0.06259375 0.11883333333333333
0 0.14178125 0.6913541666666667 0.119890625 0.14104166666666668
0 0.922265625 0.7621666666666667 0.10773437500000001 0.14377083333333335
0 0.9585000000000001 0.9527708333333333 0.082984375 0.0944375
0 0.9484843749999999 0.8760416666666667 0.080296875 0.07289583333333334
0 0.975 0.7024583333333333 0.05 0.12622916666666667
0 0.7011093749999999 0.8038124999999999 0.049859375 0.153
0 0.1555 0.9003541666666667 0.10289062499999999 0.103
0 0.173734375 0.9736041666666666 0.06990625 0.05277083333333333