0 0.395578125 0.21972916666666667 0.105359375 0.15152083333333335
0 0.53115625 0.20285416666666667 0.071 0.10385416666666666
0 0.215203125 0.3171666666666667 0.11374999999999999 0.0825
0 0.290390625 0.43054166666666666 0.12825 0.188875
0 0.551296875 0.9516249999999999 0.11684375 0.09674999999999999
0 0.02275 0.202625 0.045484375 0.0895
0 0.027078124999999998 0.09293749999999999 0.054171875 0.08310416666666667
0 0.626125 0.8480208333333333 0.0970625 0.07939583333333333
0 0.648 0.6612708333333334 0.079703125 0.12716666666666668
0 0.53984375 0.76125 0.063375 0.08637500000000001
0 0.47214062500000004 0.31325000000000003 0.066828125 0.06075
0 0.4145 0.6654375 0.070984375 0.08922916666666666