0 0.4517734375 0.8717638888888888 0.2141640625 0.2564861111111111
0 0.7531640625 0.6225694444444444 0.14121875 0.5080972222222222
0 0.8327187500000001 0.7177222222222223 0.061640625000000004 0.22155555555555556
0 0.6320781249999999 0.5878888888888889 0.09176562499999999 0.2813333333333333
0 0.392921875 0.38655555555555554 0.165203125 0.3138611111111111
0 0.3107578125 0.5256666666666667 0.0741171875 0.10597222222222222
0 0.6297421875 0.7927083333333333 0.050624999999999996 0.13079166666666667
0 0.37559375 0.7596249999999999 0.0423359375 0.0785138888888889
0 0.9452109375 0.4444722222222222 0.0383359375 0.09808333333333334
0 0.9748984374999999 0.4187638888888889 0.048125 0.08659722222222223
0 0.9864609375000001 0.6400138888888889 0.0270859375 0.10051388888888889