0 0.2165 0.622375 0.1873046875 0.2530833333333333
0 0.2149375 0.8695972222222222 0.155015625 0.23395833333333332
0 0.9369765624999999 0.555125 0.12603906250000002 0.2934583333333333
0 0.8155234374999999 0.41001388888888884 0.16439062499999998 0.23644444444444446
0 0.732984375 0.21309722222222224 0.18158593750000002 0.28306944444444443
0 0.50228125 0.6897361111111111 0.0610625 0.15168055555555554
0 0.41791406249999996 0.7980416666666668 0.0423046875 0.07201388888888889
0 0.764234375 0.9504583333333334 0.0475625 0.09906944444444445
0 0.136421875 0.510638888888889 0.056171875 0.08052777777777777
0 0.3239140625 0.5715277777777777 0.06884375000000001 0.1078888888888889
0 0.078359375 0.5326388888888889 0.044328125 0.09304166666666666
0 0.368953125 0.3539861111111111 0.026453125 0.042958333333333334