0 0.7638541666666666 0.7922222222222223 0.19677083333333334 0.32425
0 0.8805104166666666 0.10866666666666666 0.15096354166666667 0.13307407407407407
0 0.7976979166666667 0.32156481481481486 0.07699479166666667 0.11442592592592593
0 0.18239583333333334 0.1553240740740741 0.33364583333333336 0.3106481481481482
0 0.5448489583333332 0.2695 0.047515625 0.08900000000000001
0 0.6542239583333332 0.09552777777777778 0.08791145833333333 0.18487962962962962
0 0.7013541666666666 0.05925925925925926 0.050942708333333336 0.11851851851851852
0 0.7458802083333332 0.1651388888888889 0.07126041666666666 0.07935185185185185
0 0.511265625 0.5777314814814816 0.06653125 0.1313888888888889
0 0.5729322916666667 0.7854907407407408 0.04739583333333333 0.12043518518518517
0 0.41990625000000004 0.7183518518518519 0.031765625 0.09650925925925927