0 0.6288333333333332 0.07662037037037037 0.08920833333333333 0.15324074074074073
0 0.3051614583333333 0.11449074074074074 0.08551041666666667 0.1376851851851852
0 0.216765625 0.44395370370370374 0.22324479166666666 0.3175277777777778
0 0.04895833333333333 0.22180555555555556 0.09791666666666667 0.26212962962962966
0 0.8901041666666667 0.16921296296296295 0.21979166666666666 0.3384259259259259
0 0.7035572916666666 0.4897777777777778 0.13836458333333335 0.23326851851851851
0 0.727515625 0.36598148148148146 0.10294791666666667 0.18475
0 0.818796875 0.6903703703703704 0.19626041666666666 0.4909351851851852
0 0.8397552083333333 0.9550925925925926 0.15694270833333332 0.08981481481481482
0 0.4491614583333333 0.8970648148148148 0.07355208333333334 0.19599074074074072
0 0.28185416666666663 0.9204537037037037 0.06180729166666667 0.10850000000000001
0 0.5227239583333333 0.5224166666666668 0.07486979166666667 0.16428703703703704
0 0.5951093749999999 0.6325833333333334 0.04906770833333333 0.0883148148148148
0 0.8394895833333333 0.34377777777777774 0.06647395833333333 0.10330555555555555
0 0.443296875 0.03148148148148148 0.05273958333333333 0.06296296296296296
0 0.3654427083333333 0.10036111111111111 0.03526041666666667 0.06871296296296296