0 0.371984375 0.2218125 0.13868750000000002 0.262125
0 0.110375 0.49464583333333334 0.151484375 0.21983333333333333
0 0.25115625 0.6575624999999999 0.1025625 0.1938125
0 0.027078124999999998 0.5367708333333333 0.054171875 0.1466875
0 0.0296875 0.7371666666666666 0.059375 0.13083333333333333
0 0.32753125 0.6941458333333334 0.074796875 0.10956250000000001
0 0.348890625 0.8061458333333333 0.084171875 0.11135416666666667
0 0.49157812500000003 0.7698125 0.069609375 0.08035416666666667
0 0.820375 0.0478125 0.09953125 0.095625
0 0.9541718749999999 0.14133333333333334 0.091671875 0.12104166666666667
0 0.9510937500000001 0.043187500000000004 0.077671875 0.08637500000000001
0 0.767953125 0.14383333333333334 0.133546875 0.1293541666666667
0 0.841375 0.29747916666666663 0.11654687500000001 0.177375
0 0.674734375 0.44147916666666664 0.06096875 0.13649999999999998
0 0.708046875 0.3181041666666667 0.089015625 0.10285416666666666
0 0.8827031249999999 0.44975 0.1241875 0.15785416666666666
0 0.9540468750000001 0.5062291666666667 0.09190625 0.1781875
0 0.9063125 0.9145833333333333 0.11864062500000001 0.17083333333333334
0 0.7031875000000001 0.6844166666666667 0.0931875 0.080875
0 0.8920781249999999 0.6871875000000001 0.154046875 0.16047916666666667
0 0.48046875 0.29864583333333333 0.0779375 0.19358333333333333
0 0.5021718749999999 0.09014583333333334 0.07307812500000001 0.1145625
0 0.62403125 0.07835416666666667 0.065125 0.15668749999999998
0 0.5964375000000001 0.24427083333333333 0.054359375 0.09872916666666667
0 0.051000000000000004 0.2687916666666667 0.082734375 0.23108333333333334
0 0.11192187499999999 0.27018749999999997 0.054625 0.11354166666666667
0 0.016671875 0.23247916666666668 0.033328125 0.08902083333333333
0 0.264859375 0.32989583333333333 0.07165625 0.13108333333333333
0 0.20618750000000002 0.2937916666666667 0.054031249999999996 0.1144375
0 0.271625 0.24127083333333335 0.07034375000000001 0.0418125
0 0.5915781250000001 0.5881458333333334 0.11962500000000001 0.1105625
0 0.31 0.4830833333333333 0.120265625 0.09489583333333333
0 0.19578125 0.5409375 0.064 0.14577083333333332