0 0.47406249999999994 0.7480208333333334 0.25396874999999997 0.3238125
0 0.27909375000000003 0.9122708333333333 0.15818749999999998 0.17545833333333333
0 0.05746875 0.8787916666666666 0.1149375 0.13629166666666667
0 0.531859375 0.9655 0.11684375 0.06897916666666666
0 0.757359375 0.9041666666666667 0.1320625 0.19166666666666668
0 0.71865625 0.6388333333333333 0.129359375 0.1054375
0 0.6384531250000001 0.6865 0.088390625 0.15445833333333334
0 0.18396875 0.3708958333333333 0.13459375 0.14339583333333333
0 0.29871875000000003 0.41181249999999997 0.11159375 0.10047916666666666
0 0.367640625 0.217 0.09667187499999999 0.13543750000000002
0 0.42179687499999996 0.06620833333333334 0.103296875 0.13241666666666668
0 0.668640625 0.05579166666666667 0.07618749999999999 0.1115625
0 0.961109375 0.05579166666666667 0.07778125 0.11158333333333334
0 0.719859375 0.5099375 0.098734375 0.11154166666666666
0 0.607890625 0.4150625 0.07271875 0.0606875
0 0.288640625 0.29658333333333337 0.08353125 0.10147916666666666
0 0.03403125 0.6582708333333334 0.0680625 0.07024999999999999
0 0.9387187499999999 0.38635416666666667 0.078296875 0.0976875
0 0.9465 0.32354166666666667 0.06009375 0.0729375
0 0.8261875 0.4332708333333333 0.058125 0.0813125
0 0.8996562499999999 0.23791666666666667 0.08634375 0.08108333333333334
0 0.97903125 0.15002083333333335 0.041921875 0.10879166666666666
0 0.8374062500000001 0.30722916666666666 0.0568125 0.09691666666666668
0 0.745328125 0.30545833333333333 0.06929687500000001 0.09339583333333333
0 0.60878125 0.11343750000000001 0.0455 0.0834375
0 0.749671875 0.037125 0.08451562500000001 0.07422916666666667
0 0.84109375 0.1835625 0.051890625 0.10256249999999999
0 0.6499375 0.2692083333333333 0.043375000000000004 0.08035416666666667
0 0.67671875 0.19254166666666667 0.048171874999999996 0.095875
0 0.44309374999999995 0.21210416666666668 0.07478125 0.157
0 0.18360937500000002 0.05329166666666666 0.0475625 0.07004166666666665
0 0.086515625 0.26939583333333333 0.072875 0.063125
0 0.03559375 0.059104166666666666 0.042796875 0.11820833333333333
0 0.095484375 0.0576875 0.044390625 0.06477083333333333
0 0.78753125 0.1044375 0.079859375 0.078
0 0.28809375 0.6035208333333333 0.0496875 0.07072916666666668
0 0.32740625 0.5333749999999999 0.060781249999999995 0.08791666666666667
0 0.15815625 0.5289583333333333 0.053625 0.0650625
0 0.1815 0.48975 0.05178125 0.06256250000000001
0 0.522109375 0.32110416666666663 0.072421875 0.065625
0 0.619734375 0.49114583333333334 0.056609374999999997 0.06685416666666667
0 0.911796875 0.11129166666666666 0.057843750000000006 0.08116666666666666
0 0.43609375000000006 0.3773958333333333 0.1355 0.16414583333333335
0 0.6506093749999999 0.15385416666666665 0.084578125 0.088875