0 0.1412421875 0.1498611111111111 0.0513671875 0.07658333333333334
0 0.17378906249999998 0.1855 0.064390625 0.10155555555555557
0 0.3573671875 0.2514444444444444 0.06837499999999999 0.11770833333333333
0 0.3157109375 0.427125 0.0774375 0.11890277777777777
0 0.2633671875 0.5039583333333334 0.11440625 0.13190277777777779
0 0.16597656249999998 0.44884722222222223 0.038351562500000005 0.10045833333333333
0 0.1025703125 0.5023333333333333 0.08221875 0.10275000000000001
0 0.0411484375 0.5928194444444445 0.0822890625 0.1763888888888889
0 0.1461953125 0.6610277777777778 0.1091796875 0.186875
0 0.2211875 0.7320833333333334 0.094609375 0.12990277777777778
0 0.14749218749999998 0.9585694444444444 0.08053125 0.082875
0 0.207515625 0.9377361111111111 0.056851562499999994 0.12454166666666668
0 0.435359375 0.7758194444444445 0.05428125 0.10165277777777777
0 0.5721953125 0.9574027777777778 0.048835937499999996 0.08518055555555555
0 0.6783046875000001 0.8260416666666667 0.0527578125 0.10486111111111111
0 0.9578125 0.24916666666666668 0.084375 0.13683333333333333
0 0.8035546874999999 0.47661111111111115 0.0466875 0.08193055555555556
0 0.8061562500000001 0.6858194444444444 0.041484375000000004 0.05588888888888889
0 0.4754609375 0.5196527777777777 0.047 0.06616666666666667
0 0.8915703125000001 0.7237638888888889 0.048109374999999996 0.0947361111111111
0 0.950421875 0.67725 0.034578125 0.06190277777777778
0 0.637421875 0.6414027777777778 0.0355703125 0.05145833333333333
0 0.4923828125 0.9620416666666666 0.0496015625 0.07593055555555556
0 0.4341875 0.9736111111111111 0.05402343750000001 0.05277777777777778
0 0.4278046875 0.9014861111111112 0.0712265625 0.07981944444444444
0 0.3611484375 0.87625 0.051664062499999996 0.10806944444444445
0 0.0421640625 0.8889722222222222 0.059421875 0.17516666666666666
0 0.0480234375 0.7667916666666668 0.0503125 0.11599999999999999