0 0.43065625 0.7178240740740741 0.28006770833333333 0.5643518518518519
0 0.42415625 0.21047222222222223 0.11602083333333332 0.24408333333333335
0 0.2960520833333333 0.03958333333333333 0.11935937499999999 0.07916666666666666
0 0.18459895833333334 0.826037037037037 0.08809375 0.14187962962962963
0 0.6161927083333333 0.5159166666666667 0.16936979166666666 0.3179444444444444
0 0.9415364583333333 0.7100925925925926 0.11692708333333333 0.19239814814814815
0 0.8254166666666667 0.4418240740740741 0.108640625 0.16631481481481483
0 0.9156354166666667 0.2209537037037037 0.10164583333333334 0.1400462962962963
0 0.8654791666666667 0.11685185185185186 0.07697916666666667 0.16797222222222222
0 0.5378177083333333 0.3148518518518519 0.05949479166666667 0.1056388888888889
0 0.6892395833333332 0.2026203703703704 0.05452083333333334 0.08950925925925926
0 0.58690625 0.24103703703703702 0.07172395833333334 0.12002777777777777
0 0.13485416666666666 0.9098148148148149 0.10513020833333334 0.09647222222222222
0 0.5416458333333334 0.04225925925925926 0.07583854166666668 0.08451851851851852