0 0.9498906249999999 0.021069444444444443 0.0997890625 0.042124999999999996
0 0.9691640625 0.20126388888888888 0.05500000000000001 0.08913888888888889
0 0.795875 0.33941666666666664 0.065015625 0.07673611111111112
0 0.46127343749999994 0.148375 0.22067968750000003 0.2967638888888889
0 0.5514921875 0.3662222222222222 0.0720078125 0.10652777777777778
0 0.2855 0.41897222222222225 0.0961796875 0.1935138888888889
0 0.37390625 0.4715138888888889 0.0626015625 0.09952777777777777
0 0.48939062499999997 0.4900694444444445 0.04778125 0.104125
0 0.59784375 0.4801111111111111 0.0522265625 0.11013888888888888
0 0.6848203125000001 0.44956944444444447 0.0449453125 0.07865277777777778
0 0.920703125 0.48884722222222227 0.15859375 0.32398611111111114
0 0.8058828124999999 0.8659722222222223 0.316984375 0.26805555555555555
0 0.5018984375 0.8347222222222223 0.2102734375 0.33055555555555555
0 0.33952343749999997 0.7529027777777778 0.0978046875 0.21783333333333335
0 0.29500000000000004 0.9585694444444444 0.0972890625 0.082875
0 0.305421875 0.8730555555555556 0.07978125 0.12981944444444443
0 0.1804296875 0.8177361111111111 0.038093749999999996 0.09693055555555556
0 0.129 0.5275277777777778 0.039390625 0.07263888888888889
0 0.047367187500000005 0.24384722222222222 0.0490078125 0.11508333333333333
0 0.2643984375 0.627 0.1480703125 0.24383333333333335
0 0.5386015625 0.5131805555555555 0.045429687499999996 0.09023611111111111
0 0.5852109375000001 0.6689166666666667 0.0396953125 0.06376388888888888
0 0.79834375 0.5420972222222222 0.0466953125 0.08790277777777777
0 0.543546875 0.6261111111111112 0.05011718750000001 0.07536111111111111