0 0.5265052083333334 0.7201388888888889 0.29906770833333335 0.5597222222222222
0 0.313484375 0.6962037037037037 0.18113541666666666 0.1831574074074074
0 0.08265625 0.9216111111111112 0.10083333333333333 0.1247037037037037
0 0.134734375 0.34193518518518523 0.11126041666666667 0.09960185185185184
0 0.027473958333333333 0.4109259259259259 0.054947916666666666 0.12351851851851853
0 0.2887552083333333 0.3528425925925926 0.081859375 0.15171296296296297
0 0.43483333333333335 0.17096296296296296 0.0905 0.20991666666666667
0 0.9578125 0.1250740740740741 0.084375 0.24460185185185188
0 0.7034374999999999 0.22811111111111113 0.06760416666666667 0.10951851851851852
0 0.7570781249999999 0.702 0.07490625 0.1160462962962963
0 0.8305104166666666 0.7302314814814814 0.073875 0.1262037037037037
0 0.6197239583333333 0.9342592592592592 0.12305729166666667 0.13148148148148148
0 0.141234375 0.8639907407407408 0.08403645833333333 0.12519444444444444
0 0.10153125 0.03726851851851852 0.04485416666666667 0.07453703703703704
0 0.756296875 0.23737037037037037 0.05042708333333333 0.12803703703703703
0 0.8164427083333333 0.2863888888888889 0.054239583333333334 0.09963888888888889
0 0.8674791666666667 0.33729629629629626 0.05215104166666666 0.16439814814814815