0 0.7036666666666667 0.44292592592592595 0.2923385416666667 0.8408148148148149
0 0.23955729166666667 0.6119722222222221 0.13588541666666665 0.21578703703703705
0 0.0209375 0.6166111111111111 0.041875 0.14728703703703702
0 0.15175 0.9640740740740741 0.08025 0.07185185185185185
0 0.438078125 0.29535185185185187 0.06800520833333333 0.15662037037037038
0 0.47203124999999996 0.2557962962962963 0.0540625 0.12566666666666668
0 0.9511458333333334 0.6575092592592593 0.09770833333333333 0.19576851851851854
0 0.8002395833333333 0.549787037037037 0.054109375 0.10623148148148148
0 0.935 0.9631481481481482 0.13 0.0737037037037037
0 0.4707864583333333 0.9437407407407408 0.040093750000000004 0.07933333333333334
0 0.07633854166666666 0.24990740740740738 0.08106770833333334 0.1231388888888889
0 0.06081770833333333 0.18897222222222224 0.03163020833333333 0.06979629629629629
0 0.20018229166666668 0.15675925925925926 0.05213541666666666 0.08685185185185185
0 0.1684166666666667 0.025185185185185185 0.046921875 0.05037037037037037
0 0.4389166666666667 0.5775370370370371 0.12466666666666668 0.18397222222222223
0 0.17122916666666665 0.5164537037037037 0.055880208333333334 0.1284722222222222
0 0.05394270833333333 0.36021296296296296 0.05294270833333334 0.0826574074074074
0 0.24976041666666668 0.3915 0.05297395833333333 0.11187962962962963
0 0.344546875 0.48517592592592595 0.05923958333333333 0.08442592592592593
0 0.3350677083333334 0.40724074074074074 0.046947916666666666 0.08039814814814815
0 0.7835729166666667 0.8422777777777778 0.0874375 0.14307407407407408
0 0.8672135416666666 0.9464814814814815 0.08473958333333333 0.10703703703703703
0 0.26803125 0.2977314814814815 0.04588020833333333 0.08250925925925925
0 0.3658541666666667 0.34647222222222224 0.029057291666666665 0.1676388888888889
0 0.39570833333333333 0.25284259259259256 0.05148958333333333 0.08839814814814814
0 0.5416197916666667 0.3259722222222222 0.036015625 0.043305555555555555
0 0.31803125 0.53025 0.043109375 0.09135185185185185
0 0.10884374999999999 0.5931759259259259 0.05522395833333334 0.05918518518518519
0 0.4690572916666667 0.7296944444444445 0.04660416666666667 0.09458333333333334
0 0.4210625 0.44705555555555554 0.0853125 0.15893518518518518
0 0.7072343750000001 0.5803611111111111 0.042479166666666665 0.06751851851851852
0 0.8791822916666666 0.39399999999999996 0.04754166666666667 0.08985185185185186
0 0.4753072916666667 0.014814814814814815 0.0549375 0.02962962962962963
0 0.17159895833333336 0.30816666666666664 0.03214583333333333 0.07872222222222222
0 0.2809635416666667 0.09432407407407407 0.03380208333333334 0.055324074074074074
0 0.01788020833333333 0.45696296296296296 0.035765625 0.055824074074074075
0 0.022223958333333335 0.4100740740740741 0.04444270833333333 0.08787962962962963
0 0.16846875 0.6992685185185186 0.06576041666666667 0.136037037037037
0 0.1440833333333333 0.6523240740740741 0.04377604166666667 0.15279629629629632
0 0.08671354166666667 0.7314814814814815 0.052619791666666665 0.048768518518518524
0 0.6985520833333333 0.901324074074074 0.03900520833333333 0.13844444444444445
0 0.682671875 0.7317777777777779 0.07250520833333333 0.11725925925925926
0 0.9683333333333334 0.887462962962963 0.06333333333333332 0.08528703703703704
0 0.8351302083333334 0.6119907407407408 0.06557291666666668 0.07952777777777778
0 0.4810989583333333 0.6401481481481481 0.042390625 0.05377777777777778
0 0.3074635416666667 0.36650925925925926 0.024927083333333332 0.08783333333333333
0 0.5420260416666667 0.7434166666666666 0.04405208333333333 0.16016666666666665