0 0.8660625 0.7483240740740741 0.05395833333333333 0.08652777777777779
0 0.7975052083333334 0.7094722222222223 0.06596874999999999 0.12327777777777776
0 0.5945364583333334 0.7875555555555555 0.1149375 0.22314814814814815
0 0.627640625 0.9311018518518519 0.11904166666666667 0.13779629629629628
0 0.549265625 0.4345 0.060270833333333336 0.11007407407407407
0 0.50721875 0.3154537037037037 0.08024479166666666 0.1335
0 0.41549479166666664 0.05062962962962963 0.08343229166666667 0.10125925925925926
0 0.28966666666666663 0.05832407407407408 0.077234375 0.11664814814814815
0 0.20316666666666666 0.2583240740740741 0.12500520833333334 0.24228703703703705
0 0.06455729166666667 0.7183055555555555 0.12911979166666668 0.21122222222222223
0 0.172578125 0.4856388888888889 0.067671875 0.1549074074074074
0 0.32881770833333335 0.6660277777777778 0.05686979166666666 0.10542592592592592
0 0.48332291666666666 0.6827407407407408 0.09263541666666668 0.16747222222222222
0 0.2954375 0.7865833333333333 0.05799479166666666 0.13594444444444445
0 0.2851458333333333 0.5473703703703704 0.057416666666666664 0.1580185185185185
0 0.24848958333333335 0.42027777777777775 0.07491666666666667 0.09068518518518519
0 0.02615625 0.8959907407407407 0.05230729166666667 0.07612962962962963
0 0.09372916666666667 0.9366388888888889 0.10199479166666667 0.12673148148148147
0 0.3476666666666667 0.7588981481481482 0.046421874999999994 0.14940740740740743
0 0.21466666666666667 0.5728240740740741 0.032109375 0.10794444444444444
0 0.49996875 0.8591851851851852 0.049796875 0.1464351851851852
0 0.04953125 0.5686203703703704 0.059890624999999996 0.0943611111111111
0 0.3750625 0.548675925925926 0.024515625 0.07347222222222222
0 0.21416666666666667 0.7288703703703703 0.029984375 0.11071296296296296