0 0.49995312500000005 0.5557916666666667 0.46675781250000004 0.8884305555555555
0 0.0522109375 0.9064861111111111 0.10442968749999999 0.18704166666666666
0 0.9395859375000001 0.821375 0.12083593749999999 0.29925
0 0.6600859375 0.794625 0.1412890625 0.25427777777777777
0 0.785328125 0.4049166666666667 0.093921875 0.14480555555555558
0 0.938828125 0.6020277777777777 0.1115078125 0.15683333333333332
0 0.2431953125 0.49391666666666667 0.1886171875 0.45448611111111115
0 0.019664062500000003 0.5553611111111111 0.039320312499999996 0.3161388888888889
0 0.0571328125 0.49284722222222227 0.08937500000000001 0.172625
0 0.1084296875 0.08125 0.06490625 0.1625
0 0.1422890625 0.07098611111111111 0.08053125 0.11358333333333334
0 0.0522109375 0.13254166666666667 0.10442968749999999 0.12936111111111112
0 0.332625 0.15841666666666668 0.055359375 0.1446111111111111
0 0.4274140625 0.05809722222222222 0.0779765625 0.11620833333333333
0 0.5430312500000001 0.06504166666666666 0.086328125 0.13009722222222223
0 0.6812968749999999 0.06041666666666667 0.07040625 0.12083333333333333
0 0.9578359375 0.11679166666666667 0.060984375 0.08677777777777777
0 0.96953125 0.30193055555555554 0.0609375 0.12391666666666666
0 0.7727031249999999 0.6640833333333334 0.07490625 0.10794444444444444
0 0.8387109374999999 0.7989999999999999 0.06528125 0.10756944444444445
0 0.796265625 0.8987083333333334 0.072046875 0.09277777777777778
0 0.15309375 0.2401388888888889 0.097984375 0.08545833333333333
0 0.09684374999999999 0.3454305555555556 0.070765625 0.09247222222222222
0 0.2335546875 0.23756944444444447 0.056851562499999994 0.08994444444444445
0 0.34864843749999996 0.28291666666666665 0.05582812499999999 0.10658333333333332
0 0.19553125 0.8337083333333333 0.039140625 0.10665277777777779
0 0.1231484375 0.7195972222222222 0.058914062499999996 0.09566666666666666
0 0.2700078125 0.7191527777777778 0.0464453125 0.08112499999999999
0 0.2848515625 0.6404722222222222 0.032382812500000004 0.05330555555555556
0 0.9311484374999999 0.9597222222222223 0.083125 0.08055555555555556
0 0.9825546875000001 0.523361111111111 0.034898437500000004 0.11059722222222222
0 0.886359375 0.5751944444444445 0.045632812499999995 0.08465277777777779
0 0.49471875 0.11977777777777777 0.11653125 0.06272222222222222