0 0.31114583333333334 0.3183148148148148 0.06708333333333334 0.17274074074074075
0 0.32078124999999996 0.4888703703703704 0.10197395833333332 0.1573611111111111
0 0.16142708333333333 0.3202129629629629 0.10215104166666666 0.13826851851851854
0 0.059869791666666665 0.8896759259259259 0.11775520833333333 0.1441574074074074
0 0.58065625 0.9539351851851852 0.05922395833333333 0.09212962962962963
0 0.8134479166666666 0.668212962962963 0.09147395833333333 0.15031481481481482
0 0.967578125 0.3148518518518519 0.06484375 0.1056388888888889
0 0.42754166666666665 0.6814444444444445 0.05508333333333334 0.12414814814814816
0 0.6306510416666666 0.83275 0.04463541666666667 0.1321574074074074
0 0.47728125 0.6909351851851853 0.04569270833333334 0.14683333333333334
0 0.782203125 0.975925925925926 0.066484375 0.04814814814814815
0 0.8419687499999999 0.9655092592592592 0.05096354166666666 0.06898148148148148
0 0.8776354166666667 0.9049444444444444 0.05683333333333333 0.16543518518518519
0 0.7879322916666667 0.33432407407407405 0.06788020833333334 0.11467592592592592
0 0.714890625 0.20403703703703704 0.049046875000000004 0.06507407407407408
0 0.9819010416666667 0.7783611111111111 0.03619791666666667 0.12987962962962965
0 0.23055729166666666 0.5395925925925926 0.075859375 0.14396296296296296
0 0.16183333333333336 0.44625925925925924 0.06271875 0.08685185185185185
0 0.015104166666666667 0.4659907407407407 0.030208333333333334 0.04116666666666667
0 0.18836979166666667 0.8926759259259259 0.05851041666666667 0.14554629629629628
0 0.171578125 0.5937314814814815 0.055802083333333335 0.06346296296296297
0 0.17404687500000002 0.5085740740740741 0.045494791666666666 0.08562962962962964
0 0.9725729166666667 0.9219814814814815 0.05485416666666666 0.10529629629629629
0 0.8686927083333333 0.5912314814814814 0.04209375 0.07422222222222222
0 0.7361145833333332 0.5759074074074074 0.06977604166666666 0.07455555555555556
0 0.9719791666666667 0.5836666666666667 0.029916666666666664 0.09286111111111112
0 0.523390625 0.7744351851851852 0.04797395833333333 0.11628703703703704
0 0.9322083333333333 0.953138888888889 0.049317708333333335 0.09372222222222222
0 0.9177656249999999 0.1414074074074074 0.07059375 0.12248148148148148
0 0.7457083333333333 0.41925 0.060473958333333334 0.11562037037037037