0 0.09606770833333332 0.4016944444444444 0.17556770833333332 0.30863888888888885
0 0.14619270833333334 0.026851851851851852 0.13001041666666666 0.053703703703703705
0 0.105046875 0.7831944444444444 0.09771354166666667 0.3200925925925926
0 0.11455208333333333 0.7917777777777778 0.07089583333333334 0.203
0 0.17652604166666666 0.7890185185185185 0.05111458333333333 0.10487962962962963
0 0.32286979166666663 0.9423611111111111 0.07092708333333334 0.11527777777777778
0 0.620765625 0.7107592592592593 0.16263541666666667 0.36503703703703705
0 0.5064427083333334 0.6078611111111111 0.08267187499999999 0.16946296296296298
0 0.5886041666666666 0.4608703703703704 0.083734375 0.1615462962962963
0 0.7009687499999999 0.47333333333333333 0.18972916666666664 0.34388888888888886
0 0.7608541666666666 0.25422222222222224 0.059541666666666666 0.10475
0 0.9254270833333333 0.3909722222222222 0.14914583333333334 0.23471296296296298
0 0.8974322916666666 0.2581851851851852 0.03899479166666667 0.05862962962962963
0 0.9014687499999999 0.5419074074074074 0.11164583333333335 0.14859259259259258
0 0.8775156249999999 0.6925648148148148 0.12830729166666666 0.1945
0 0.9696927083333333 0.7404166666666666 0.060619791666666666 0.12805555555555556
0 0.81228125 0.8485185185185184 0.04783333333333333 0.09555555555555556
0 0.9825520833333333 0.9666666666666667 0.034895833333333334 0.06666666666666667
0 0.049192708333333335 0.9037962962962963 0.04015625 0.0937037037037037
0 0.35528645833333333 0.9886574074074074 0.039947916666666666 0.022685185185185187