0 0.04440625 0.8538541666666667 0.088796875 0.16535416666666666
0 0.23290625 0.8325208333333334 0.09721874999999999 0.13308333333333333
0 0.29617187500000003 0.29116666666666663 0.11785937500000002 0.241375
0 0.856171875 0.28977083333333337 0.254328125 0.33579166666666665
0 0.8452187500000001 0.6405416666666667 0.130015625 0.25608333333333333
0 0.91159375 0.5535833333333334 0.176828125 0.28008333333333335
0 0.55409375 0.814125 0.0581875 0.14489583333333333
0 0.601484375 0.7500833333333333 0.06576562500000001 0.07585416666666665
0 0.62284375 0.84575 0.06889062500000001 0.10435416666666668
0 0.39070312500000004 0.9220416666666666 0.094109375 0.15589583333333332
0 0.40737500000000004 0.20272916666666668 0.09203125 0.1508125
0 0.47571874999999997 0.20093750000000002 0.072515625 0.13035416666666666
0 0.531703125 0.13758333333333334 0.08034375 0.17379166666666668
0 0.552015625 0.2981666666666667 0.054015625 0.07797916666666667
0 0.62765625 0.45347916666666666 0.074359375 0.08333333333333333
0 0.40696875 0.460625 0.032921875 0.08641666666666666
0 0.675828125 0.5911041666666667 0.060312500000000005 0.09122916666666667
0 0.782203125 0.8988333333333334 0.068921875 0.06431250000000001
0 0.8178750000000001 0.8429583333333334 0.06528125 0.09602083333333335
0 0.7405468749999999 0.9477708333333333 0.079328125 0.044145833333333336
0 0.72075 0.7497291666666667 0.046 0.06822916666666666
0 0.620890625 0.0435625 0.05375 0.07677083333333333
0 0.83375 0.15641666666666668 0.305 0.31285416666666666
0 0.7717968749999999 0.7605208333333333 0.068921875 0.0838125