0 0.06067708333333333 0.3224814814814815 0.12135416666666667 0.1718148148148148
0 0.32560416666666664 0.19474074074074074 0.14097395833333334 0.21262037037037038
0 0.2181875 0.029166666666666667 0.04261979166666666 0.058333333333333334
0 0.484828125 0.3372777777777778 0.11757291666666667 0.25696296296296295
0 0.15999479166666666 0.7857407407407407 0.201359375 0.292787037037037
0 0.33549999999999996 0.7242222222222222 0.069109375 0.10491666666666667
0 0.39239583333333333 0.8096111111111111 0.0725 0.10440740740740741
0 0.56021875 0.6122037037037037 0.114453125 0.1957037037037037
0 0.80615625 0.8422314814814815 0.10397916666666666 0.16500925925925927
0 0.9074583333333333 0.9180555555555555 0.14654166666666668 0.1638888888888889
0 0.014453125 0.11401851851851852 0.02890625 0.07381481481481482
0 0.009895833333333333 0.9047499999999999 0.019791666666666666 0.08957407407407407
0 0.03591145833333333 0.8473333333333334 0.05109375 0.09188888888888888
0 0.03268229166666667 0.6811666666666666 0.06536458333333334 0.15771296296296297
0 0.23329687500000001 0.9550925925925926 0.125078125 0.08981481481481482
0 0.15672916666666667 0.9574074074074074 0.06554687499999999 0.08518518518518518
0 0.8234739583333333 0.5733333333333334 0.05267708333333333 0.13648148148148148
0 0.7734791666666666 0.5539074074074074 0.03602083333333333 0.0791111111111111
0 0.8051145833333333 0.4534722222222222 0.049817708333333335 0.0912037037037037
0 0.7050364583333334 0.37934259259259256 0.050875000000000004 0.10989814814814815
0 0.816046875 0.12461111111111112 0.19667708333333334 0.2492314814814815
0 0.6099583333333333 0.22718518518518518 0.12435937500000001 0.09286111111111112
0 0.6263541666666667 0.14384259259259258 0.06989583333333332 0.11083333333333334
0 0.6525260416666666 0.5960185185185186 0.046713541666666664 0.09851851851851852
0 0.7406666666666666 0.9747685185185185 0.06414583333333333 0.050462962962962966
0 0.7105937499999999 0.895 0.053473958333333335 0.10388888888888889
0 0.07405729166666666 0.9585648148148148 0.06425520833333334 0.08287037037037037
0 0.32703645833333334 0.3123148148148148 0.09384375 0.09591666666666666