0 0.320765625 0.13556249999999997 0.16123437499999999 0.20202083333333334
0 0.177890625 0.4106458333333334 0.11712499999999999 0.21387499999999998
0 0.47162499999999996 0.49443750000000003 0.085234375 0.1129375
0 0.8170781249999999 0.4363125 0.234578125 0.288375
0 0.74415625 0.8029375000000001 0.06401562499999999 0.08952083333333333
0 0.745203125 0.7010833333333333 0.07971875 0.0956875
0 0.9645781250000001 0.7932083333333334 0.07082812499999999 0.0996875
0 0.46884375 0.9388958333333334 0.09078125000000001 0.12222916666666667
0 0.294203125 0.9435208333333333 0.09978125 0.11295833333333333
0 0.38846875000000003 0.9585625 0.10223437500000002 0.082875
0 0.22337500000000002 0.6726458333333334 0.077984375 0.09545833333333334
0 0.33290625 0.7425416666666667 0.050546875000000005 0.11308333333333334
0 0.15532812499999998 0.5506875 0.053000000000000005 0.06620833333333334
0 0.715515625 0.9666666666666667 0.051875000000000004 0.06666666666666667
0 0.7875625 0.9135208333333333 0.07834375 0.08535416666666666
0 0.84728125 0.8313958333333333 0.056125 0.10202083333333332
0 0.6315000000000001 0.5552916666666667 0.064375 0.09114583333333333