0 0.2964375 0.14916666666666667 0.0506796875 0.07056944444444445
0 0.3306796875 0.1935972222222222 0.06571875 0.10386111111111111
0 0.179390625 0.3076666666666667 0.133921875 0.1607222222222222
0 0.0541640625 0.6540833333333333 0.10833593749999999 0.25630555555555556
0 0.152703125 0.8084305555555557 0.14303125 0.25481944444444443
0 0.05061718750000001 0.9585694444444444 0.10071875 0.082875
0 0.2805546875 0.9330972222222222 0.08003906250000001 0.13379166666666667
0 0.2105078125 0.6358194444444445 0.1003359375 0.12255555555555554
0 0.21089843749999998 0.5427916666666667 0.08653125 0.13094444444444445
0 0.3026875 0.5011388888888889 0.082640625 0.10320833333333333
0 0.5202421875 0.25306944444444446 0.06340625 0.10706944444444445
0 0.49524999999999997 0.50025 0.10116406250000001 0.13930555555555554
0 0.5188125 0.4067222222222222 0.0670546875 0.08105555555555556
0 0.43274999999999997 0.6612638888888889 0.09675 0.18270833333333336
0 0.9405234374999999 0.4786944444444445 0.06021093749999999 0.08147222222222222
0 0.3702578125 0.9446805555555555 0.0386484375 0.11065277777777778
0 0.28810156249999996 0.8232638888888889 0.049312499999999995 0.09930555555555555
0 0.37039062500000003 0.8387638888888889 0.061820312499999995 0.09790277777777777
0 0.8174453125 0.8298333333333333 0.07984375 0.11920833333333333
0 0.9241328125000001 0.9429027777777778 0.045046875 0.08343055555555555
0 0.8780390625000001 0.68525 0.0435703125 0.07208333333333333
0 0.6381015624999999 0.5190277777777778 0.05682812499999999 0.06504166666666666
0 0.5073046875 0.8825972222222223 0.0476484375 0.12155555555555556
0 0.6512734375 0.9476666666666668 0.0438828125 0.06120833333333334
0 0.59290625 0.9664722222222223 0.0692890625 0.06706944444444445
0 0.9416484374999999 0.7159861111111111 0.0520390625 0.08991666666666666
0 0.66578125 0.8621805555555555 0.0371875 0.045
0 0.5133359375000001 0.9714305555555555 0.0340390625 0.05713888888888889
0 0.6720312500000001 0.7209583333333334 0.042546875 0.064125
0 0.7296171874999999 0.8153888888888889 0.0559453125 0.05177777777777778
0 0.5385546875 0.7032916666666666 0.032703125 0.08040277777777778
0 0.5643359375 0.5755694444444445 0.0414140625 0.05668055555555556
0 0.710859375 0.6334861111111111 0.0351171875 0.05188888888888889
0 0.8546015625000001 0.6070972222222223 0.04346875 0.05070833333333333
0 0.972671875 0.8445277777777777 0.043937500000000004 0.09301388888888888