0 0.10755208333333334 0.13680555555555557 0.21510416666666668 0.27361111111111114
0 0.06690104166666666 0.4173611111111111 0.07765625 0.16712962962962963
0 0.04309895833333333 0.654324074074074 0.08619791666666667 0.1410648148148148
0 0.08968229166666666 0.7346296296296296 0.060734375 0.12111111111111113
0 0.036947916666666664 0.83575 0.07389583333333333 0.17057407407407407
0 0.2847239583333333 0.8532407407407407 0.12378125 0.2935185185185185
0 0.19696354166666669 0.7918240740740741 0.08090104166666667 0.09321296296296297
0 0.15842708333333333 0.9200277777777778 0.035078124999999995 0.10532407407407407
0 0.21128645833333334 0.9343425925925927 0.031427083333333335 0.08072222222222222
0 0.11022916666666666 0.8576111111111111 0.07891145833333332 0.0935462962962963
0 0.22027604166666667 0.5548240740740741 0.078203125 0.09947222222222223
0 0.24917708333333335 0.6277314814814815 0.056854166666666664 0.06471296296296296
0 0.267015625 0.6943703703703703 0.044619791666666665 0.08688888888888889
0 0.25021875 0.3181296296296296 0.10684895833333334 0.13780555555555557
0 0.33224479166666665 0.27944444444444444 0.052182291666666665 0.11352777777777778
0 0.40996875 0.2993240740740741 0.055578125 0.2551388888888889
0 0.46895312499999997 0.2123425925925926 0.07564062499999999 0.11819444444444445
0 0.5753229166666666 0.021064814814814814 0.05300520833333333 0.04212962962962963
0 0.7487447916666666 0.043055555555555555 0.101984375 0.08611111111111111
0 0.6598229166666666 0.3960370370370371 0.15743749999999998 0.3837407407407407
0 0.8062968749999999 0.49509259259259264 0.127515625 0.2855648148148148
0 0.6794791666666666 0.6554814814814814 0.05302083333333333 0.13874999999999998
0 0.5801354166666666 0.6969074074074074 0.035557291666666664 0.13362962962962963
0 0.6198437499999999 0.6501666666666667 0.06208333333333334 0.1234814814814815
0 0.5414687499999999 0.5849166666666668 0.06861979166666667 0.09482407407407407
0 0.438609375 0.6844166666666667 0.09544270833333333 0.1179074074074074
0 0.6124270833333333 0.95625 0.09597395833333335 0.0875
0 0.9118854166666667 0.6649722222222222 0.08040104166666667 0.13457407407407407
0 0.9403958333333333 0.8213981481481482 0.0624375 0.20667592592592593
0 0.8993802083333333 0.925 0.05084375 0.15
0 0.9587552083333333 0.9666666666666667 0.08248958333333332 0.06666666666666667
0 0.660015625 0.8017962962962963 0.05783854166666667 0.1126388888888889
0 0.5211927083333333 0.5075740740740741 0.04405729166666667 0.09588888888888888
0 0.5452395833333333 0.4453611111111111 0.05090104166666667 0.18146296296296296
0 0.9051145833333333 0.49650925925925926 0.06269270833333333 0.1309722222222222
0 0.98515625 0.6050462962962964 0.0296875 0.08416666666666667
0 0.0475 0.9178148148148149 0.095 0.10156481481481482
0 0.4351614583333333 0.8467314814814815 0.032171875 0.07790740740740741
0 0.4999427083333333 0.9259537037037037 0.08489062500000001 0.13265740740740742
0 0.25871875 0.46148148148148144 0.03922916666666666 0.06666666666666667
0 0.14695833333333336 0.622175925925926 0.035666666666666666 0.07693518518518519
0 0.10445833333333333 0.5945925925925926 0.029333333333333333 0.06102777777777778
0 0.1308125 0.5333148148148148 0.04504166666666667 0.062185185185185184
0 0.43183333333333335 0.7947037037037037 0.072171875 0.09608333333333333
0 0.744515625 0.6578981481481482 0.05930729166666667 0.07062037037037036
0 0.9728229166666666 0.4983425925925926 0.0473125 0.06331481481481481
0 0.48422395833333337 0.3159722222222222 0.04030729166666667 0.07935185185185185
0 0.43224479166666663 0.569037037037037 0.04531770833333334 0.10029629629629629