0 0.20102083333333332 0.5964259259259259 0.10046354166666666 0.15507407407407406
0 0.10956770833333333 0.6723333333333333 0.045869791666666666 0.15132407407407408
0 0.14289583333333333 0.812324074074074 0.05420833333333333 0.10201851851851852
0 0.21653645833333332 0.7421759259259259 0.12983854166666667 0.18675925925925924
0 0.369546875 0.7409907407407407 0.13423958333333333 0.26273148148148145
0 0.4995364583333333 0.7491574074074074 0.10093229166666666 0.1753425925925926
0 0.6323385416666666 0.493287037037037 0.106578125 0.32287037037037036
0 0.9365729166666666 0.4203703703703704 0.12481249999999999 0.18443518518518517
0 0.9912500000000001 0.4655 0.0175 0.15339814814814814
0 0.7964791666666666 0.13860185185185184 0.11838020833333333 0.20608333333333334
0 0.858078125 0.054 0.109375 0.108
0 0.27715104166666665 0.43499074074074073 0.11221354166666667 0.18775925925925926
0 0.2970520833333333 0.30689814814814814 0.09589583333333333 0.09453703703703703
0 0.395375 0.2543148148148148 0.04925 0.12862962962962962
0 0.11935937499999999 0.3498425925925926 0.06378645833333334 0.08858333333333333
0 0.057796875 0.3008148148148148 0.052671875 0.0917037037037037
0 0.7256614583333333 0.8900462962962963 0.07826041666666667 0.09787962962962962