0 0.8145859375000001 0.6171249999999999 0.3708359375 0.7657361111111112
0 0.1334296875 0.14022222222222222 0.057999999999999996 0.10475
0 0.278078125 0.28484722222222225 0.058234375000000005 0.079375
0 0.3275546875 0.2975555555555556 0.0303046875 0.08027777777777777
0 0.6754374999999999 0.22237500000000002 0.0404609375 0.12100000000000001
0 0.6793515625000001 0.12029166666666667 0.0506796875 0.06836111111111111
0 0.5195937500000001 0.3952361111111111 0.064703125 0.1224861111111111
0 0.567765625 0.30194444444444446 0.0516796875 0.07519444444444444
0 0.6212734375 0.3737083333333333 0.046718749999999996 0.08684722222222223
0 0.6121640625 0.4914861111111111 0.033703125 0.059611111111111115
0 0.32625000000000004 0.633125 0.055625 0.10968055555555556
0 0.35840625 0.5674166666666667 0.049625 0.16702777777777778
0 0.3757265625 0.4398611111111111 0.0745859375 0.09176388888888888
0 0.516203125 0.5726944444444444 0.06314062499999999 0.10741666666666667
0 0.52909375 0.9033611111111111 0.10193749999999999 0.19005555555555556
0 0.52584375 0.6599444444444444 0.045953125 0.07358333333333333
0 0.565296875 0.7506805555555556 0.0704453125 0.11530555555555555
0 0.466859375 0.9223472222222223 0.045187500000000005 0.14469444444444446
0 0.0229140625 0.828388888888889 0.0458359375 0.18825
0 0.14358593749999998 0.9354166666666667 0.083140625 0.12916666666666668
0 0.2306875 0.8499166666666668 0.078203125 0.11558333333333333
0 0.29670312499999996 0.9469861111111112 0.099828125 0.10601388888888888
0 0.0778359375 0.4507638888888889 0.037953125 0.06698611111111111
0 0.195921875 0.5847222222222223 0.0565859375 0.11295833333333333
0 0.6186796875 0.7973888888888889 0.0418125 0.11699999999999999
0 0.7043437499999999 0.9429444444444444 0.061812500000000006 0.10719444444444445
0 0.24578906250000002 0.7457916666666667 0.05615625 0.08324999999999999
0 0.2911015625 0.8385833333333333 0.04071875 0.07902777777777778
0 0.0637734375 0.8191666666666666 0.0422421875 0.07091666666666667