0 0.6281875 0.42104166666666665 0.10873437500000001 0.304125
0 0.48001562499999995 0.508125 0.06653125 0.1698611111111111
0 0.338359375 0.41415277777777776 0.0477578125 0.07076388888888889
0 0.3655703125 0.3347638888888889 0.0480234375 0.0806388888888889
0 0.195796875 0.36509722222222224 0.054242187500000004 0.10590277777777778
0 0.0836953125 0.6432222222222223 0.077921875 0.13736111111111113
0 0.20985937500000001 0.5411805555555556 0.05736718750000001 0.08605555555555555
0 0.2280859375 0.6974027777777778 0.0521640625 0.09684722222222222
0 0.290578125 0.9330972222222222 0.10425781249999999 0.13379166666666667
0 0.17417968749999999 0.9387361111111111 0.0610078125 0.075625
0 0.558265625 0.8167777777777778 0.0688828125 0.1418888888888889
0 0.821265625 0.5821666666666667 0.0741328125 0.132875
0 0.7247890625 0.41647222222222224 0.045734375 0.09390277777777778
0 0.9779921874999999 0.40370833333333334 0.0440078125 0.11669444444444443
0 0.9760390624999999 0.05244444444444444 0.0479140625 0.09006944444444444
0 0.9897109374999999 0.19015277777777778 0.0205703125 0.11134722222222222
0 0.8621484374999999 0.9405833333333333 0.0705 0.11636111111111111
0 0.6061796875 0.895 0.0459765625 0.14091666666666666
0 0.340828125 0.6930138888888889 0.063953125 0.11027777777777778
0 0.7056484375000001 0.7624305555555556 0.07620312500000001 0.08254166666666667
0 0.9491171875 0.8963888888888889 0.0736328125 0.06038888888888889
0 0.5639921875 0.38358333333333333 0.0363125 0.07920833333333334
0 0.8707421875 0.7996527777777778 0.0585234375 0.11690277777777779
0 0.8850625000000001 0.31856944444444446 0.0455 0.07601388888888888
0 0.5996640625 0.6261388888888889 0.071203125 0.09125
0 0.5800078125 0.5798333333333333 0.0396953125 0.056875