0 0.051390625 0.2687708333333333 0.10278125 0.3236458333333333
0 0.43723437499999995 0.170375 0.339046875 0.34075
0 0.970140625 0.03264583333333333 0.05971875 0.06527083333333333
0 0.9408593749999999 0.22093749999999998 0.07384375 0.147
0 0.8783593749999999 0.16977083333333332 0.05115625 0.07008333333333333
0 0.6191718749999999 0.28870833333333334 0.088734375 0.14314583333333333
0 0.6486875000000001 0.3454375 0.0783125 0.11097916666666667
0 0.711015625 0.2778333333333334 0.03353125 0.06862499999999999
0 0.63046875 0.48683333333333334 0.08351562500000001 0.15689583333333335
0 0.5759375 0.45860416666666665 0.07828125 0.13002083333333334
0 0.46987500000000004 0.46945833333333337 0.04009375 0.066625
0 0.48671875 0.39610416666666665 0.0515625 0.07908333333333334
0 0.443671875 0.32225000000000004 0.0404375 0.1204375
0 0.42214062500000005 0.2734583333333333 0.041499999999999995 0.05585416666666666
0 0.252703125 0.1160625 0.07764062499999999 0.147875
0 0.123390625 0.20429166666666668 0.052531249999999995 0.1618125
0 0.15132812499999998 0.12258333333333334 0.0695625 0.07983333333333334
0 0.168515625 0.4166458333333333 0.11504687499999999 0.2907083333333333
0 0.268171875 0.466875 0.075484375 0.21985416666666666
0 0.756671875 0.5633750000000001 0.07764062499999999 0.22304166666666667
0 0.9697968749999999 0.41875 0.060421875 0.12362500000000001
0 0.248546875 0.877875 0.09734374999999999 0.13443750000000002
0 0.301328125 0.9817083333333334 0.1306875 0.03658333333333333
0 0.154453125 0.9701458333333334 0.151953125 0.05972916666666667
0 0.46571875 0.9736041666666666 0.10398437499999999 0.05277083333333333
0 0.383953125 0.9539375 0.10400000000000001 0.092125
0 0.936859375 0.8642083333333334 0.067453125 0.13954166666666667
0 0.8120468750000001 0.9290208333333333 0.060640625000000004 0.08395833333333333
0 0.867234375 0.8422291666666666 0.084484375 0.12797916666666667
0 0.523859375 0.7864583333333334 0.05745312500000001 0.18772916666666667
0 0.56396875 0.7950416666666666 0.0533125 0.08914583333333333
0 0.58740625 0.7064374999999999 0.07240625 0.11120833333333334
0 0.5254375 0.62425 0.04321875 0.09016666666666667
0 0.14890625 0.6103541666666668 0.081359375 0.11795833333333333
0 0.01753125 0.6170833333333333 0.0350625 0.08970833333333333
0 0.41206250000000005 0.6249375 0.06996875 0.11470833333333334
0 0.672296875 0.6999583333333333 0.072765625 0.06862499999999999
0 0.68653125 0.8450208333333333 0.065125 0.11502083333333334
0 0.8745312500000001 0.747125 0.060640625000000004 0.0813125
0 0.8637656249999999 0.6839583333333333 0.035875000000000004 0.052187500000000005
0 0.9611562499999999 0.7552291666666666 0.046625 0.08360416666666667
0 0.733390625 0.4358958333333333 0.063328125 0.05604166666666666
0 0.77159375 0.41783333333333333 0.04084375 0.06622916666666666