0 0.603515625 0.6197916666666666 0.24000781249999997 0.49130555555555555
0 0.386421875 0.6747916666666667 0.1064765625 0.20551388888888888
0 0.923078125 0.6632916666666666 0.13511718749999999 0.16358333333333333
0 0.7864609375 0.4116805555555556 0.1861328125 0.2151388888888889
0 0.643765625 0.31075 0.052968749999999995 0.14655555555555555
0 0.45530468749999997 0.3652083333333333 0.0463359375 0.09713888888888889
0 0.8282265625 0.8033055555555555 0.10716406249999999 0.19190277777777776
0 0.9172499999999999 0.38255555555555554 0.043546875 0.18415277777777778
0 0.40355468749999995 0.38347222222222227 0.04178125 0.1282361111111111
0 0.4275234375 0.3193888888888889 0.0440625 0.06977777777777779
0 0.020078125 0.9289444444444445 0.0401484375 0.1421111111111111
0 0.21033593750000001 0.08486111111111111 0.05921875 0.09462499999999999
0 0.5898203125 0.8530694444444445 0.0508828125 0.12465277777777778
0 0.4627265625 0.760375 0.04025 0.06884722222222223