0 0.523359375 0.23895833333333333 0.11370312499999999 0.13899999999999998
0 0.516234375 0.04920833333333333 0.096703125 0.09283333333333334
0 0.623 0.25954166666666667 0.060265625 0.083
0 0.6745625000000001 0.4469791666666667 0.113390625 0.15229166666666666
0 0.9179375000000001 0.28200000000000003 0.09190625 0.08622916666666666
0 0.675765625 0.35095833333333337 0.051937500000000004 0.04822916666666666
0 0.738609375 0.5567083333333334 0.0806875 0.11897916666666666
0 0.62803125 0.5532291666666667 0.057437499999999996 0.07502083333333333
0 0.37978125 0.6763125 0.09875 0.152625
0 0.38725 0.5527708333333333 0.044625 0.0666875
0 0.44523437499999996 0.5640833333333333 0.054671875 0.08095833333333333
0 0.147859375 0.3114166666666666 0.062609375 0.0910625
0 0.245765625 0.47731250000000003 0.07764062499999999 0.08795833333333333
0 0.26728125 0.6691458333333333 0.10679687499999999 0.096625
0 0.0375 0.9037916666666667 0.075 0.13072916666666667
0 0.6306406250000001 0.8648125 0.1283125 0.270375
0 0.737046875 0.9655 0.12728124999999998 0.06897916666666666
0 0.803359375 0.9139791666666667 0.126609375 0.1325625
0 0.791734375 0.6733125 0.083890625 0.13272916666666668
0 0.81515625 0.09479166666666666 0.077546875 0.08679166666666666
0 0.33621875 0.44629166666666664 0.064375 0.07222916666666666