0 0.08349999999999999 0.21160416666666665 0.167015625 0.3158125
0 0.1811875 0.07200000000000001 0.13482812500000002 0.14397916666666666
0 0.32215625000000003 0.09204166666666666 0.08903124999999999 0.12239583333333333
0 0.2709375 0.20866666666666667 0.096734375 0.12987500000000002
0 0.248359375 0.32808333333333334 0.10020312499999999 0.09477083333333333
0 0.197859375 0.25214583333333335 0.07373437499999999 0.08670833333333333
0 0.32303125 0.6931666666666667 0.201859375 0.44093750000000004
0 0.77921875 0.5589375000000001 0.2521875 0.41327083333333337
0 0.327015625 0.9225416666666667 0.107078125 0.10804166666666666
0 0.5821875000000001 0.9440624999999999 0.104671875 0.07239583333333334
0 0.717953125 0.9793958333333334 0.08909375 0.04120833333333333
0 0.179109375 0.9357291666666666 0.08345312499999999 0.11127083333333333
0 0.9575156249999999 0.9620416666666666 0.0566875 0.07591666666666666
0 0.957640625 0.8862083333333334 0.08471875 0.13258333333333333
0 0.8186406249999999 0.7832291666666666 0.07059375 0.07943750000000001
0 0.8783593749999999 0.8026666666666666 0.05115625 0.08127083333333333
0 0.9506875000000001 0.7427291666666667 0.098609375 0.1419375
0 0.56015625 0.5187291666666667 0.040109375 0.156875
0 0.60615625 0.383375 0.062296874999999995 0.09064583333333333
0 0.703890625 0.1021875 0.05290625 0.08308333333333334
0 0.733921875 0.14477083333333332 0.071046875 0.09416666666666668
0 0.447828125 0.6318750000000001 0.065109375 0.11933333333333333
0 0.573171875 0.7353333333333333 0.06615625 0.09010416666666667
0 0.5299375000000001 0.5696666666666667 0.059187500000000004 0.13010416666666666
0 0.44973437499999996 0.37620833333333337 0.044625 0.07258333333333335
0 0.8561249999999999 0.3921458333333333 0.048375 0.08429166666666667
0 0.932 0.29658333333333337 0.053359375 0.10147916666666666
0 0.9776093749999999 0.36833333333333335 0.044796875 0.07906250000000001
0 0.52265625 0.7031666666666666 0.045656249999999995 0.07670833333333334
0 0.10271875 0.9019375000000001 0.08321875 0.10852083333333334
0 0.014937500000000001 0.8140000000000001 0.029859375 0.11783333333333333
0 0.18553124999999998 0.7561666666666667 0.050921875000000005 0.06695833333333333
0 0.39523437499999997 0.7969166666666666 0.0435625 0.1293125
0 0.546609375 0.8605208333333334 0.06475 0.09512499999999999
0 0.92453125 0.6684583333333334 0.043984375 0.035062499999999996
0 0.41537499999999994 0.2605 0.044953125 0.04475
0 0.40946875 0.19779166666666667 0.049812499999999996 0.0636875
0 0.03675 0.5261666666666667 0.048515625 0.06897916666666666
0 0.09821875 0.44795833333333335 0.0521875 0.09022916666666667
0 0.154796875 0.47683333333333333 0.04871875 0.09627083333333333
0 0.59453125 0.6231041666666666 0.04775 0.05545833333333334