0 0.6471250000000001 0.6964166666666666 0.230734375 0.32708333333333334
0 0.828359375 0.6529375000000001 0.1599375 0.20308333333333334
0 0.49921875 0.6890208333333334 0.1123125 0.20120833333333332
0 0.7790625 0.40302083333333333 0.105765625 0.16620833333333335
0 0.617265625 0.5474166666666667 0.1261875 0.1031875
0 0.78340625 0.8432083333333333 0.114453125 0.14785416666666668
0 0.48464062500000005 0.2642083333333333 0.097390625 0.11139583333333333
0 0.45546875 0.052437500000000005 0.072375 0.10487500000000001
0 0.34054687499999997 0.13158333333333333 0.059171875 0.09093749999999999
0 0.25184375000000003 0.13879166666666667 0.142828125 0.18629166666666666
0 0.04965625 0.3199375 0.0993125 0.1250625
0 0.31851562499999997 0.4497708333333333 0.09284375 0.1023125
0 0.262609375 0.59 0.08006250000000001 0.11425
0 0.45634375 0.8774166666666667 0.06476562500000001 0.135375
0 0.109328125 0.7614583333333333 0.152171875 0.21181250000000001
0 0.9506875000000001 0.8538125 0.098609375 0.10483333333333333