0 0.7353125 0.39589583333333334 0.207140625 0.26004166666666667
0 0.9045781249999999 0.4796875 0.18459375 0.28693749999999996
0 0.336734375 0.1371875 0.129296875 0.2311875
0 0.127546875 0.13810416666666667 0.09975 0.13677083333333334
0 0.09196875 0.6545625 0.098015625 0.15541666666666665
0 0.17476562499999998 0.6626666666666666 0.074765625 0.13920833333333332
0 0.124953125 0.8332499999999999 0.13621875 0.19089583333333332
0 0.260703125 0.7915625 0.079984375 0.151625
0 0.238125 0.5224791666666666 0.10403124999999999 0.15043749999999997
0 0.32353125 0.47104166666666664 0.177625 0.144875
0 0.4691875 0.498625 0.083140625 0.11014583333333333
0 0.37753125 0.73725 0.15534375 0.3690208333333333
0 0.2561875 0.31837499999999996 0.123734375 0.14197916666666668
0 0.39784375 0.27272916666666663 0.118203125 0.14177083333333332
0 0.52890625 0.34885416666666663 0.0779375 0.15977083333333333
0 0.550265625 0.91575 0.125859375 0.16852083333333334
0 0.66240625 0.66825 0.07518749999999999 0.108875
0 0.512234375 0.7311875000000001 0.052609375 0.09410416666666667
0 0.46796875 0.109625 0.047390625 0.08722916666666666
0 0.52109375 0.14383333333333334 0.0453125 0.1293541666666667
0 0.83878125 0.7929375000000001 0.055781250000000004 0.108125
0 0.9293906249999999 0.6715 0.08982812500000001 0.11164583333333335