0 0.31660937499999997 0.4649722222222222 0.260296875 0.5493888888888889
0 0.0248671875 0.7325416666666666 0.0497421875 0.195625
0 0.0589609375 0.20983333333333334 0.10135156249999999 0.11368055555555555
0 0.12991406249999998 0.34820833333333334 0.0974609375 0.12394444444444444
0 0.2931875 0.7913055555555556 0.099046875 0.24834722222222222
0 0.423640625 0.8015000000000001 0.0516796875 0.15763888888888888
0 0.5500625 0.30120833333333336 0.035812500000000004 0.09222222222222223
0 0.597453125 0.29865277777777777 0.0764453125 0.10101388888888889
0 0.0601328125 0.12533333333333332 0.04953125 0.05530555555555556
0 0.053617187499999996 0.06794444444444445 0.0572265625 0.07015277777777777
0 0.5503203125 0.21881944444444446 0.0405 0.0756111111111111
0 0.545765625 0.127875 0.0438828125 0.08354166666666667
0 0.5904296875 0.04652777777777778 0.09571093750000001 0.09305555555555556
0 0.5455078125 0.8501111111111112 0.0641953125 0.09743055555555556
0 0.9623671874999999 0.5094305555555556 0.0752578125 0.3420138888888889
0 0.774390625 0.6610416666666666 0.061281249999999995 0.11283333333333333
0 0.5357421875 0.4759166666666667 0.048828125 0.11294444444444443
0 0.344875 0.078125 0.050359375 0.0905138888888889
0 0.7394999999999999 0.5071527777777778 0.071 0.10598611111111111
0 0.6508359375 0.5481111111111111 0.068640625 0.10919444444444446
0 0.958234375 0.7195972222222222 0.07103125 0.09566666666666666
0 0.961359375 0.33105555555555555 0.07728125 0.12876388888888887
0 0.9664296875 0.2248472222222222 0.062546875 0.07838888888888888
0 0.7160624999999999 0.2961111111111111 0.059203125 0.09130555555555554
0 0.5824765625 0.5853750000000001 0.04725 0.08650000000000001
0 0.594328125 0.7165833333333335 0.05144531249999999 0.09427777777777777
0 0.6273984375 0.688125 0.04259375 0.10679166666666667
0 0.768140625 0.8565833333333334 0.0449609375 0.09187500000000001
0 0.8039453125 0.8776388888888889 0.0436640625 0.12009722222222222
0 0.7816796874999999 0.507375 0.034195312500000005 0.15734722222222222
0 0.8220468750000001 0.5941666666666667 0.04653125 0.07630555555555556
0 0.8234765625 0.5048472222222222 0.0556484375 0.09209722222222222
0 0.115984375 0.6665972222222222 0.055007812499999996 0.08690277777777777
0 0.9712500000000001 0.06909722222222223 0.04875 0.08634722222222223