0 0.2270390625 0.27343055555555557 0.060328124999999996 0.11074999999999999
0 0.055703125 0.04830555555555556 0.03234375 0.0941388888888889
0 0.0741953125 0.3232361111111111 0.0943203125 0.17391666666666666
0 0.119890625 0.38108333333333333 0.0628203125 0.17856944444444445
0 0.018359375 0.3000833333333333 0.03671875 0.146125
0 0.2133671875 0.3921805555555556 0.0460078125 0.11934722222222223
0 0.0203125 0.5437222222222222 0.040625 0.0772638888888889
0 0.20086718750000002 0.802888888888889 0.11474999999999999 0.18818055555555557
0 0.24474999999999997 0.7429722222222223 0.052171875 0.06372222222222222
0 0.0248671875 0.9840277777777777 0.0497421875 0.03194444444444444
0 0.1193671875 0.8413055555555555 0.04303125 0.1446527777777778
0 0.1228828125 0.7175138888888889 0.0499296875 0.09612499999999999