0 0.7940546875 0.15069444444444444 0.12178125 0.3013888888888889
0 0.8984765625 0.09390277777777778 0.0889921875 0.13720833333333335
0 0.9733359374999999 0.17902777777777779 0.053328125000000004 0.07008333333333333
0 0.789109375 0.6480694444444445 0.1410546875 0.25352777777777774
0 0.7014843749999999 0.5205555555555555 0.1574453125 0.2346388888888889
0 0.508015625 0.6896944444444444 0.12251562499999999 0.37383333333333335
0 0.7759609375000001 0.9273194444444444 0.10225 0.145375
0 0.07914062499999999 0.9102638888888889 0.06880468749999999 0.16219444444444445
0 0.3840546875 0.8260416666666667 0.05665625 0.08634722222222223
0 0.022265625 0.8750972222222223 0.04453125 0.1288888888888889
0 0.1122109375 0.47705555555555557 0.1120390625 0.18468055555555554
0 0.1188515625 0.6820972222222222 0.0753203125 0.12252777777777778
0 0.45723437499999997 0.37244444444444447 0.13553125 0.34580555555555553
0 0.3149296875 0.3361388888888889 0.094625 0.16672222222222224
0 0.1619453125 0.40625 0.0802734375 0.16343055555555555
0 0.10035156249999999 0.389125 0.0803984375 0.15695833333333334
0 0.027476562500000003 0.39495833333333336 0.054945312499999996 0.09527777777777777
0 0.0203125 0.5069583333333333 0.040625 0.09349999999999999
0 0.3814609375 0.28523611111111113 0.0527109375 0.10195833333333333
0 0.29383593750000003 0.23433333333333334 0.048265625 0.07420833333333333
0 0.061953125 0.16952777777777778 0.05109375000000001 0.12979166666666667
0 0.39968750000000003 0.5772777777777778 0.037093749999999995 0.08418055555555555
0 0.61021875 0.34655555555555556 0.066546875 0.1088611111111111
0 0.532359375 0.3210972222222222 0.0399765625 0.10425000000000001
0 0.7577265625 0.3178888888888889 0.055374999999999994 0.09661111111111112
0 0.1106484375 0.11495833333333333 0.1047421875 0.18304166666666666
0 0.1971015625 0.11884722222222222 0.07767968750000001 0.11640277777777779
0 0.6176328125 0.6719305555555556 0.0438984375 0.08366666666666667
0 0.6461484375000001 0.8214166666666666 0.08842968749999999 0.07709722222222222
0 0.381453125 0.4710555555555556 0.0589609375 0.12636111111111112
0 0.017710937500000003 0.688125 0.035414062499999996 0.08827777777777777
0 0.6721874999999999 0.292875 0.0571875 0.09408333333333332
0 0.083828125 0.30722222222222223 0.059429687499999995 0.07648611111111112
0 0.2124609375 0.3597777777777778 0.031328125 0.07304166666666667