0 0.22247916666666667 0.05243518518518519 0.09027083333333333 0.0900648148148148
0 0.3310625 0.13273148148148148 0.10431770833333333 0.14416666666666667
0 0.27807291666666667 0.29425 0.09989583333333334 0.1431388888888889
0 0.6749166666666666 0.18896296296296297 0.07066666666666667 0.13162962962962962
0 0.5139947916666666 0.2250648148148148 0.08215104166666666 0.11125
0 0.14995833333333333 0.5731018518518519 0.1145 0.15175925925925926
0 0.5655520833333333 0.9010092592592593 0.091515625 0.13628703703703704
0 0.4154322916666667 0.8730092592592593 0.08763541666666666 0.16637962962962963
0 0.17795312500000002 0.8723148148148149 0.08351041666666667 0.1233425925925926
0 0.36791145833333333 0.7274537037037037 0.055614583333333335 0.12065740740740741
0 0.416609375 0.7496759259259259 0.06052604166666666 0.09101851851851851
0 0.762671875 0.31392592592592594 0.07430208333333334 0.10378703703703704
0 0.8428697916666666 0.3483981481481481 0.10969791666666667 0.16069444444444445
0 0.2650572916666667 0.40394444444444444 0.08427604166666666 0.13103703703703704
0 0.7332447916666667 0.7040740740740741 0.10190625 0.17112037037037037
0 0.430796875 0.45994444444444443 0.05898958333333334 0.12266666666666666
0 0.4471822916666667 0.2998703703703704 0.0556875 0.11477777777777777
0 0.6420677083333334 0.4735185185185185 0.06423958333333334 0.09375925925925926
0 0.532828125 0.8421851851851851 0.07354166666666666 0.11228703703703703
0 0.6736249999999999 0.9434074074074074 0.055385416666666666 0.11318518518518518
0 0.037640625 0.9664351851851852 0.07528645833333333 0.06712962962962964
0 0.03459895833333334 0.877824074074074 0.06809895833333333 0.12674999999999997
0 0.6399583333333333 0.2490925925925926 0.058359375 0.10442592592592592
0 0.19000520833333334 0.4963518518518518 0.056953125 0.10062037037037037
0 0.24652604166666667 0.4996388888888889 0.054906250000000004 0.08614814814814815
0 0.6603072916666667 0.7554722222222222 0.054656249999999997 0.09256481481481481
0 0.06306770833333333 0.09708333333333333 0.06827083333333334 0.07091666666666667
0 0.290171875 0.526787037037037 0.04070833333333333 0.07568518518518517