0 0.13815104166666667 0.6726851851851852 0.27630208333333334 0.6546296296296297
0 0.088515625 0.15314814814814814 0.11255208333333333 0.18537962962962964
0 0.16715104166666667 0.1975185185185185 0.08027604166666666 0.18114814814814814
0 0.241625 0.1008425925925926 0.087578125 0.18812037037037035
0 0.4653072916666667 0.1887222222222222 0.072515625 0.17282407407407407
0 0.379765625 0.2998425925925926 0.06390625 0.08642592592592593
0 0.7806458333333333 0.12723148148148147 0.15536979166666667 0.23719444444444446
0 0.8311614583333333 0.2304351851851852 0.11684375 0.1696851851851852
0 0.9493489583333333 0.1935185185185185 0.10130208333333333 0.387037037037037
0 0.8556354166666666 0.4215740740740741 0.067890625 0.13
0 0.93284375 0.45512962962962966 0.07233333333333333 0.14159259259259258
0 0.8342864583333333 0.7297407407407407 0.10017708333333333 0.30114814814814816
0 0.430671875 0.9377314814814814 0.09490104166666667 0.12453703703703704
0 0.49915625 0.9168981481481482 0.04647916666666666 0.16620370370370371
0 0.6917187499999999 0.6414074074074074 0.05458333333333333 0.107
0 0.9578125 0.9550925925925926 0.084375 0.08981481481481482
0 0.7941822916666667 0.9516203703703704 0.065796875 0.09675925925925925
0 0.9317708333333333 0.7742500000000001 0.13645833333333332 0.1839074074074074
0 0.9766927083333333 0.5761111111111111 0.046614583333333334 0.12352777777777778
0 0.5539687499999999 0.5002222222222222 0.05404166666666667 0.06433333333333334
0 0.301515625 0.4458703703703704 0.05113541666666667 0.14159259259259258
0 0.22873437500000002 0.4104259259259259 0.053468749999999995 0.10696296296296295
0 0.09684895833333333 0.9261574074074074 0.09589062500000001 0.1476851851851852
0 0.26102083333333337 0.9179074074074074 0.05277083333333333 0.1172962962962963