0 0.6406875000000001 0.17597222222222222 0.13582031249999998 0.3463888888888889
0 0.40188281249999996 0.17615277777777777 0.3188671875 0.3523194444444444
0 0.751484375 0.06504166666666666 0.09912499999999999 0.13009722222222223
0 0.881421875 0.139125 0.1673671875 0.27823611111111113
0 0.8821875 0.5388194444444444 0.1102109375 0.33134722222222224
0 0.32014062499999996 0.4317638888888889 0.19878125 0.18369444444444444
0 0.5807890625 0.5423194444444445 0.10977343749999999 0.19481944444444446
0 0.0209609375 0.5427777777777778 0.0419296875 0.18648611111111113
0 0.0758828125 0.482625 0.07271093749999999 0.1587638888888889
0 0.0248671875 0.7399444444444444 0.0497421875 0.17340277777777777
0 0.23055468750000002 0.6122083333333334 0.080375 0.17719444444444443
0 0.3692265625 0.7047361111111111 0.23863281249999999 0.39929166666666666
0 0.2976015625 0.5893472222222222 0.060835937500000006 0.15093055555555557
0 0.061304687499999996 0.7029305555555556 0.049796875000000004 0.11788888888888888
0 0.4090625 0.9018472222222222 0.174578125 0.1962916666666667
0 0.6254453125 0.792236111111111 0.0803515625 0.17615277777777777
0 0.807203125 0.7848472222222223 0.10225781249999999 0.14283333333333334
0 0.7461328125 0.7156527777777778 0.1323671875 0.1664861111111111
0 0.8337578125 0.7061666666666666 0.0966796875 0.133625
0 0.96253125 0.9203749999999999 0.065046875 0.1592638888888889
0 0.6613828125000001 0.9192083333333334 0.070984375 0.16156944444444443
0 0.45931249999999996 0.44143055555555555 0.0480390625 0.10416666666666667
0 0.7725703125 0.15613888888888888 0.082984375 0.07291666666666667
0 0.8337578125 0.16470833333333335 0.044601562500000004 0.09744444444444444
0 0.8828437499999999 0.27369444444444446 0.0568359375 0.07854166666666666
0 0.9890625 0.36576388888888894 0.021875 0.133375
0 0.7419765625 0.5530138888888889 0.073859375 0.107875
0 0.5501875 0.738375 0.045171875 0.13066666666666665
0 0.5960234375 0.6696388888888889 0.04025 0.07831944444444444