0 0.13538541666666667 0.313462962962963 0.09172916666666667 0.13062962962962965
0 0.047890625 0.8144629629629629 0.03755208333333333 0.16502777777777777
0 0.341875 0.9793981481481482 0.04853645833333333 0.0412037037037037
0 0.4254583333333333 0.8852777777777778 0.040505208333333334 0.09371296296296296
0 0.5156822916666667 0.5788888888888889 0.11418229166666666 0.16610185185185183
0 0.6283072916666667 0.5818981481481482 0.07640625 0.1489722222222222
0 0.7426302083333333 0.45942592592592596 0.20015104166666667 0.48274074074074075
0 0.9108333333333333 0.33239814814814816 0.17791145833333333 0.3555462962962963
0 0.965625 0.08574999999999999 0.06875 0.17149999999999999
0 0.849390625 0.6665740740740741 0.11163541666666667 0.23500925925925925
0 0.9779947916666667 0.8577222222222223 0.04401041666666667 0.2561759259259259
0 0.975390625 0.5770277777777778 0.04921875 0.18091666666666664
0 0.6421145833333333 0.047685185185185185 0.061609375 0.09537037037037037
0 0.480921875 0.3111481481481482 0.052473958333333334 0.11675
0 0.5181614583333334 0.11907407407407407 0.059234375 0.14925925925925926
0 0.7072135416666666 0.20400925925925928 0.07307291666666667 0.10153703703703704
0 0.542640625 0.4666666666666667 0.048052083333333336 0.07592592592592592
0 0.3465625 0.49675 0.049578125 0.052759259259259256
0 0.4559270833333333 0.5228981481481482 0.044145833333333336 0.06338888888888888
0 0.8058958333333333 0.7626388888888889 0.046171875 0.09841666666666667
0 0.31453125 0.8343703703703704 0.03739583333333333 0.103