0 0.47976562500000003 0.42162499999999997 0.39514062499999997 0.7105833333333333
0 0.0990625 0.8890625 0.177390625 0.221875
0 0.825 0.8916666666666667 0.35 0.21666666666666667
0 0.552921875 0.9545416666666667 0.09778125 0.08891666666666667
0 0.230953125 0.5003333333333333 0.0620625 0.1284375
0 0.9115 0.42535416666666664 0.073375 0.15902083333333333
0 0.572453125 0.8201875 0.084765625 0.11885416666666666
0 0.978 0.3885625 0.044015625 0.09933333333333333
0 0.5038437499999999 0.86375 0.057937499999999996 0.15389583333333334
0 0.982546875 0.27158333333333334 0.034890624999999995 0.10843749999999999
0 0.8749062500000001 0.25647916666666665 0.060609375 0.08866666666666667
0 0.7478281250000001 0.09472916666666667 0.085578125 0.05683333333333333
0 0.10504687500000001 0.5038125 0.045640625000000004 0.06595833333333333
0 0.018359375 0.484375 0.03671875 0.06872916666666667
0 0.107265625 0.6620833333333334 0.0438125 0.07695833333333332
0 0.1385 0.6610625 0.03340625 0.07091666666666667
0 0.7717968749999999 0.6208125 0.048093750000000005 0.10977083333333333
0 0.296296875 0.5675208333333334 0.042609375 0.08091666666666668
0 0.8030312500000001 0.5659375 0.076890625 0.0999375
0 0.9336249999999999 0.5329791666666667 0.048890625 0.08402083333333334
0 0.86409375 0.6135208333333334 0.053578125 0.08962500000000001
0 0.7911875 0.7447083333333333 0.043140625 0.07552083333333333
0 0.652265625 0.6011875 0.031921875 0.07608333333333334
0 0.6266093749999999 0.9862916666666667 0.054796875 0.0274375
0 0.582609375 0.9153125000000001 0.0553125 0.07297916666666666