0 0.47534375000000006 0.8080972222222222 0.37796093750000004 0.38379166666666664
0 0.854296875 0.3763888888888889 0.29140625 0.7527777777777778
0 0.6026484375 0.16920833333333332 0.256859375 0.3384305555555555
0 0.5921171875 0.4567638888888889 0.1470078125 0.2818333333333333
0 0.318703125 0.5237777777777778 0.1105078125 0.36144444444444446
0 0.24044531249999998 0.42020833333333335 0.10016406250000001 0.32716666666666666
0 0.3489140625 0.2250277777777778 0.15425781249999998 0.40744444444444444
0 0.041249999999999995 0.07490277777777778 0.040304687500000005 0.05481944444444444
0 0.062078125 0.5280138888888889 0.05071875 0.08379166666666667
0 0.09384375 0.6066666666666667 0.041335937499999996 0.09202777777777779
0 0.110515625 0.5141111111111112 0.0294921875 0.07358333333333333
0 0.08577343750000001 0.05347222222222222 0.051234375 0.10694444444444444
0 0.0170546875 0.23941666666666667 0.0341171875 0.0936527777777778
0 0.056484374999999996 0.345625 0.0359921875 0.14402777777777778
0 0.10205468749999999 0.348875 0.0438125 0.06720833333333333
0 0.0365859375 0.7818333333333333 0.0731796875 0.14144444444444446
0 0.083828125 0.6855833333333333 0.0386015625 0.07856944444444444
0 0.9591171875000001 0.9469861111111112 0.0817734375 0.10601388888888888
0 0.1907109375 0.79275 0.06840625 0.109875
0 0.3025546875 0.725875 0.0655234375 0.1093611111111111