0 0.04830729166666667 0.07199074074074074 0.09661458333333334 0.1439814814814815
0 0.06780729166666667 0.4521203703703704 0.05176041666666666 0.16149074074074074
0 0.1148125 0.37155555555555553 0.07558333333333334 0.10328703703703704
0 0.3802760416666667 0.35439814814814813 0.15586458333333333 0.28194444444444444
0 0.6822135416666666 0.17971296296296296 0.07098958333333334 0.11312962962962964
0 0.9203385416666666 0.21005555555555558 0.04849479166666667 0.09932407407407406
0 0.9599270833333333 0.3102314814814815 0.049421875 0.07787037037037037
0 0.9627916666666666 0.2440462962962963 0.048901041666666666 0.08438888888888889
0 0.8582395833333333 0.4217685185185185 0.052270833333333336 0.08798148148148148
0 0.9286718749999999 0.5960185185185186 0.03391145833333333 0.08000925925925925
0 0.979296875 0.5319166666666667 0.04140625 0.12309259259259259
0 0.8182708333333333 0.6136018518518519 0.06189583333333334 0.11516666666666667
0 0.7384531249999999 0.6018055555555556 0.04149479166666667 0.06843518518518518
0 0.6130781249999999 0.6742407407407407 0.045197916666666664 0.06051851851851852
0 0.9623697916666667 0.8468611111111112 0.07526041666666666 0.15205555555555555
0 0.7273854166666667 0.9000833333333333 0.06363020833333334 0.1788611111111111
0 0.5603489583333333 0.9232314814814815 0.09596354166666667 0.11405555555555556
0 0.44408333333333333 0.7732777777777777 0.0550625 0.11044444444444444
0 0.19358333333333333 0.9747685185185185 0.10814583333333333 0.050462962962962966
0 0.044895833333333336 0.7267592592592592 0.08780729166666666 0.17017592592592592
0 0.282375 0.5270648148148148 0.060765625000000004 0.08097222222222222
0 0.23133854166666667 0.8690740740740741 0.04826041666666667 0.1816574074074074
0 0.22079166666666666 0.5617777777777778 0.056328125 0.06707407407407408