0 0.0973671875 0.10056944444444443 0.074015625 0.1307638888888889
0 0.344484375 0.15125 0.06832812499999999 0.08861111111111111
0 0.54928125 0.17416666666666666 0.053000000000000005 0.08351388888888889
0 0.3634921875 0.44561111111111107 0.0834375 0.08472222222222223
0 0.6452421875 0.8331805555555556 0.15535156249999998 0.29044444444444445
0 0.446296875 0.9056388888888888 0.08449218750000001 0.13443055555555555
0 0.288109375 0.7998888888888889 0.070140625 0.11273611111111112
0 0.176125 0.8084444444444445 0.1433984375 0.1807638888888889
0 0.0307265625 0.8609861111111111 0.0614609375 0.12380555555555556
0 0.61346875 0.3828888888888889 0.0730625 0.10281944444444445
0 0.8950859375 0.43866666666666665 0.059304687499999995 0.0801111111111111
0 0.757203125 0.34355555555555556 0.0355859375 0.07044444444444445
0 0.8639687500000001 0.38081944444444443 0.0408125 0.06625
0 0.944171875 0.8545 0.03665625 0.1108611111111111
0 0.9825546875000001 0.8579722222222222 0.034898437500000004 0.12243055555555557
0 0.959765625 0.6659027777777777 0.08046875 0.15494444444444444
0 0.7659921875 0.4085555555555556 0.019796875 0.05440277777777778
0 0.8223515625 0.6366388888888889 0.052171875 0.12170833333333332
0 0.5388124999999999 0.815861111111111 0.05965625 0.11365277777777777