0 0.8820572916666667 0.07546296296296297 0.15421875000000002 0.15092592592592594
0 0.6413385416666666 0.18000925925925926 0.16836979166666666 0.2983240740740741
0 0.624671875 0.4457962962962963 0.22252604166666667 0.3212314814814815
0 0.5431666666666667 0.3307962962962963 0.14075000000000001 0.28103703703703703
0 0.34513541666666664 0.4652685185185185 0.09671354166666667 0.1564537037037037
0 0.478578125 0.4678611111111111 0.10507291666666667 0.18557407407407406
0 0.19006770833333334 0.6242500000000001 0.07611458333333333 0.12719444444444444
0 0.030729166666666665 0.8593518518518519 0.06145833333333333 0.18999074074074074
0 0.7223177083333333 0.6714444444444444 0.07411979166666667 0.18455555555555556
0 0.7437968749999999 0.9377314814814814 0.060843749999999995 0.12453703703703704
0 0.8604531249999999 0.6237777777777778 0.07127604166666666 0.17255555555555557
0 0.9351875 0.4270925925925926 0.07285416666666666 0.10325000000000001
0 0.023567708333333333 0.29475 0.047135416666666666 0.06883333333333333
0 0.095015625 0.47800000000000004 0.061911458333333336 0.09396296296296297