0 0.14267968749999999 0.8301944444444445 0.11881250000000002 0.14095833333333332
0 0.0853828125 0.9290138888888889 0.058265625 0.10248611111111113
0 0.20204687500000001 0.9620416666666666 0.0938203125 0.07593055555555556
0 0.379890625 0.9145833333333333 0.1420625 0.17083333333333334
0 0.59940625 0.9701388888888889 0.075890625 0.059722222222222225
0 0.5047578125000001 0.8674444444444444 0.07434375 0.17379166666666665
0 0.74678125 0.7970694444444444 0.141484375 0.384875
0 0.5892421875 0.4955555555555556 0.1128671875 0.29575
0 0.5038437499999999 0.9689861111111111 0.06835156249999999 0.06204166666666667
0 0.4267578125 0.37245833333333334 0.11081250000000001 0.2162083333333333
0 0.37246875 0.4423888888888889 0.0465 0.097625
0 0.785328125 0.41504166666666664 0.07273437499999999 0.15325
0 0.926203125 0.23458333333333334 0.057609375 0.09656944444444444
0 0.9506796874999999 0.13970833333333335 0.06489062500000001 0.1103888888888889
0 0.8327187500000001 0.41436111111111107 0.0408046875 0.09169444444444444
0 0.39864062499999997 0.14944444444444444 0.054570312499999996 0.17426388888888888
0 0.20021874999999997 0.09759722222222221 0.061015625 0.09277777777777778
0 0.51725 0.6580694444444445 0.044390625 0.09219444444444444
0 0.6695781249999999 0.6344305555555556 0.0834296875 0.14755555555555555
0 0.7641015624999999 0.5737916666666667 0.11101562499999999 0.18369444444444444
0 0.8452187500000001 0.7246666666666667 0.0470546875 0.1706388888888889
0 0.65721875 0.4178611111111111 0.03765625 0.081875