0 0.15581250000000002 0.8143148148148148 0.09504166666666666 0.23158333333333334
0 0.05978125 0.5643611111111111 0.11627083333333334 0.39095370370370375
0 0.33913541666666663 0.7751851851851852 0.23672395833333332 0.44962962962962966
0 0.67203125 0.6094444444444445 0.36260416666666667 0.7811111111111111
0 0.383078125 0.18837962962962962 0.07698958333333333 0.3315740740740741
0 0.46411979166666667 0.11342592592592593 0.05342708333333333 0.15575
0 0.07789583333333333 0.06685185185185186 0.09079166666666666 0.1337037037037037
0 0.019375 0.11899074074074073 0.03875 0.08539814814814815
0 0.06508854166666667 0.3044907407407408 0.05356770833333333 0.07861111111111112
0 0.11925000000000001 0.3371018518518518 0.061911458333333336 0.07839814814814815
0 0.025104166666666667 0.3484074074074074 0.050208333333333334 0.16318518518518518
0 0.29361458333333335 0.16696296296296295 0.05902604166666667 0.08162037037037037
0 0.32871354166666666 0.3853888888888889 0.040906250000000005 0.08856481481481482
0 0.9424114583333334 0.3809444444444445 0.055171875 0.10929629629629631
0 0.8258593750000001 0.4957314814814815 0.03203125 0.0722037037037037
0 0.9486562500000001 0.8698703703703704 0.06565104166666666 0.10566666666666667
0 0.6951406250000001 0.9742592592592593 0.05388020833333333 0.05148148148148148
0 0.46911458333333333 0.7704444444444445 0.03989583333333333 0.19199074074074074
0 0.21330729166666668 0.9890740740740741 0.038385416666666665 0.02185185185185185
0 0.9902083333333334 0.7052870370370371 0.019583333333333335 0.13575925925925927
0 0.872 0.6882499999999999 0.045994791666666666 0.1313240740740741
0 0.9402291666666667 0.6525185185185185 0.09079687500000001 0.16725925925925925
0 0.852421875 0.5059074074074074 0.03516145833333333 0.09625925925925925
0 0.6932708333333333 0.16637962962962963 0.07846354166666666 0.10610185185185185
0 0.640140625 0.30966666666666665 0.06944791666666666 0.13340740740740742
0 0.5637916666666667 0.5016574074074074 0.06050520833333333 0.054425925925925926
0 0.5963958333333333 0.46148148148148144 0.023630208333333333 0.05186111111111111
0 0.518484375 0.46835185185185185 0.051140625 0.08625000000000001
0 0.3428802083333334 0.5025740740740741 0.037572916666666664 0.09700925925925925
0 0.37100000000000005 0.5157314814814815 0.043828125 0.05293518518518519
0 0.46011979166666667 0.45601851851851855 0.0315 0.07191666666666667
0 0.458296875 0.6079814814814815 0.04035416666666667 0.0764537037037037
0 0.5270364583333333 0.37410185185185185 0.027864583333333335 0.07783333333333334
0 0.49579166666666663 0.3532962962962963 0.027687499999999997 0.053287037037037036
0 0.5765156250000001 0.4156018518518519 0.0435 0.05898148148148148
0 0.550296875 0.39093518518518516 0.02559895833333333 0.06441666666666666
0 0.42453125 0.5495092592592593 0.036703124999999996 0.09222222222222222
0 0.22984375 0.5089351851851852 0.031984374999999995 0.08206481481481481
0 0.6022031250000001 0.24808333333333335 0.049546875 0.08469444444444445
0 0.5449166666666667 0.26258333333333334 0.032192708333333334 0.06187037037037037
0 0.885515625 0.7883425925925925 0.06438020833333333 0.04738888888888889
0 0.7836145833333333 0.946138888888889 0.06332291666666666 0.10771296296296295
0 0.270375 0.5872777777777778 0.03692708333333334 0.05973148148148149
0 0.03558854166666667 0.7751203703703704 0.069796875 0.06456481481481482
0 0.4405833333333333 0.9007037037037037 0.04922395833333334 0.10351851851851851
0 0.9569479166666667 0.5223240740740741 0.045494791666666666 0.06872222222222223