0 0.67303125 0.07912499999999999 0.10040625 0.113375
0 0.5432187500000001 0.16791666666666666 0.08139062500000001 0.10814583333333333
0 0.447703125 0.11812500000000001 0.071640625 0.09833333333333334
0 0.5353125000000001 0.2941875 0.06978124999999999 0.10189583333333332
0 0.6672343749999999 0.42852083333333335 0.038140625 0.04429166666666667
0 0.815765625 0.47106250000000005 0.053125 0.09002083333333334
0 0.902578125 0.46929166666666666 0.06351562499999999 0.07947916666666667
0 0.46090625 0.5180416666666666 0.04971875 0.05175
0 0.20260937499999998 0.5351041666666667 0.09664062500000001 0.11962500000000001
0 0.34575 0.4417291666666667 0.0874375 0.11289583333333333
0 0.403125 0.3535833333333333 0.0721875 0.08025
0 0.152078125 0.2565208333333333 0.073671875 0.0971875
0 0.3005 0.039875 0.06446874999999999 0.07200000000000001
0 0.18096874999999998 0.06466666666666666 0.055484374999999996 0.06179166666666667
0 0.362359375 0.20464583333333333 0.04890625 0.04622916666666667
0 0.105125 0.32391666666666663 0.072609375 0.18666666666666665
0 0.01728125 0.4563125 0.0345625 0.066125
0 0.10934375 0.5081666666666667 0.064171875 0.0833125
0 0.090609375 0.9293958333333333 0.096359375 0.14122916666666668
0 0.17834375 0.9548958333333334 0.134625 0.09020833333333332
0 0.31051562499999996 0.9634166666666667 0.118296875 0.0731875
0 0.46117187499999995 0.9200625 0.10723437499999999 0.15210416666666668
0 0.39071875 0.87275 0.073765625 0.08072916666666667
0 0.530953125 0.7538750000000001 0.1035625 0.166625
0 0.9157500000000001 0.9496249999999999 0.152828125 0.10077083333333332
0 0.315265625 0.5815416666666666 0.066578125 0.1315625
0 0.220953125 0.7507083333333333 0.057328124999999994 0.08291666666666667
0 0.195359375 0.8620208333333333 0.061015625 0.09093749999999999
0 0.635578125 0.6872083333333333 0.09090625 0.18460416666666665
0 0.7235625 0.6488958333333333 0.0769375 0.11497916666666666
0 0.965359375 0.724875 0.0620625 0.08397916666666667
0 0.7833125 0.6390416666666667 0.06737499999999999 0.09529166666666668
0 0.844 0.6759791666666667 0.043453124999999995 0.07768749999999999
0 0.759578125 0.7333333333333333 0.07509375 0.06795833333333333
0 0.8841093750000001 0.8115833333333333 0.047671875 0.06974999999999999
0 0.26184375000000004 0.8034791666666667 0.06525 0.07585416666666665
0 0.8620625000000001 0.9487291666666666 0.074484375 0.10252083333333334