0 0.16853125 0.04883333333333333 0.2816875 0.0976875
0 0.113890625 0.26887500000000003 0.22778125 0.36131250000000004
0 0.391421875 0.17354166666666665 0.28034375 0.3297916666666667
0 0.651296875 0.22760416666666666 0.194625 0.21352083333333333
0 0.919296875 0.091875 0.08790624999999999 0.13654166666666667
0 0.7738437499999999 0.021062499999999998 0.0851875 0.042124999999999996
0 0.675421875 0.0523125 0.06542187499999999 0.104625
0 0.9072968749999999 0.9354166666666667 0.185421875 0.12916666666666668
0 0.514328125 0.8010416666666667 0.131765625 0.18447916666666667
0 0.41224999999999995 0.6529791666666667 0.108515625 0.14866666666666667
0 0.360171875 0.9574166666666667 0.065078125 0.08516666666666667
0 0.38151562499999997 0.8015208333333333 0.074453125 0.08358333333333333
0 0.95503125 0.722375 0.0899375 0.08270833333333334
0 0.7275 0.6075833333333333 0.08040625 0.093875
0 0.664484375 0.5529791666666667 0.06784375000000001 0.05875
0 0.267296875 0.8239583333333333 0.059859375000000006 0.10531249999999999
0 0.20792187499999998 0.5920833333333333 0.06053125 0.06566666666666666
0 0.24351562499999999 0.6749583333333333 0.062703125 0.0630625