0 0.62646875 0.022229166666666668 0.10885937500000001 0.0444375
0 0.8675937499999999 0.08650000000000001 0.13564062500000001 0.1335
0 0.975 0.39075 0.05 0.16483333333333333
0 0.7799375000000001 0.46847916666666667 0.190828125 0.2832708333333333
0 0.75753125 0.7117291666666666 0.134921875 0.12620833333333334
0 0.524921875 0.7769791666666667 0.141828125 0.1881875
0 0.30478125 0.867125 0.16790624999999998 0.26575
0 0.109328125 0.14527083333333335 0.20217187499999997 0.21035416666666668
0 0.027078124999999998 0.26625 0.054171875 0.16583333333333333
0 0.053125 0.8335625 0.10625 0.332875
0 0.1360625 0.3780625 0.058437499999999996 0.068875
0 0.306875 0.3405625 0.05014062500000001 0.060520833333333336