0 0.3987734375 0.02684722222222222 0.072765625 0.05370833333333334
0 0.2749609375 0.14504166666666668 0.0938359375 0.16916666666666666
0 0.10218750000000001 0.9192083333333334 0.1190625 0.16156944444444443
0 0.44564843749999994 0.8889722222222222 0.0831875 0.15665277777777778
0 0.3318515625 0.5203472222222222 0.065984375 0.10920833333333332
0 0.0683359375 0.509 0.0930234375 0.12819444444444444
0 0.38640625 0.28480555555555553 0.058437499999999996 0.0933611111111111
0 0.9472890625 0.5333472222222222 0.094578125 0.14256944444444444
0 0.7806171875000001 0.9606944444444445 0.07253125 0.07861111111111112
0 0.8795703125 0.9700833333333334 0.036453124999999996 0.05983333333333333
0 0.41956249999999995 0.6069583333333333 0.056703125 0.14722222222222223
0 0.45034375000000004 0.5553611111111111 0.0479140625 0.08154166666666667
0 0.5485078125 0.4628055555555556 0.0486328125 0.09148611111111112
0 0.5911640625000001 0.49891666666666673 0.0495234375 0.09119444444444444
0 0.498546875 0.3874166666666667 0.028921875000000003 0.07338888888888889
0 0.4489375 0.35926388888888894 0.03665625 0.06711111111111111
0 0.5478046875 0.29159722222222223 0.134484375 0.21183333333333335
0 0.171515625 0.8833194444444444 0.046117187500000004 0.12715277777777778
0 0.54621875 0.826111111111111 0.0496953125 0.08152777777777778
0 0.725203125 0.9716388888888889 0.0637421875 0.05670833333333333
0 0.734 0.9144305555555555 0.0461484375 0.09241666666666667
0 0.6487734374999999 0.834111111111111 0.038101562500000005 0.07448611111111111
0 0.210296875 0.7463611111111111 0.037171875 0.06544444444444444
0 0.0093203125 0.21765277777777778 0.0186484375 0.09075000000000001
0 0.0321953125 0.4443055555555555 0.064390625 0.1436111111111111
0 0.010203125 0.3761527777777778 0.02040625 0.107375
0 0.381375 0.461375 0.0345625 0.06306944444444444
0 0.6140546875 0.9720277777777778 0.0307890625 0.05593055555555556
0 0.585953125 0.9621666666666666 0.03375 0.07565277777777778
0 0.738265625 0.54575 0.037390625 0.08419444444444445