0 0.2791302083333333 0.6792870370370371 0.21049479166666665 0.35764814814814816
0 0.0839375 0.11653703703703704 0.07157291666666667 0.10251851851851852
0 0.4109947916666667 0.1264074074074074 0.05322916666666667 0.10374074074074074
0 0.47431249999999997 0.051898148148148145 0.05458854166666667 0.07509259259259259
0 0.2676614583333333 0.3396111111111111 0.06865104166666666 0.10422222222222223
0 0.5852291666666667 0.8132870370370371 0.06836979166666667 0.1534074074074074
0 0.7107239583333332 0.9574074074074074 0.05113541666666667 0.08518518518518518
0 0.6690885416666668 0.05912037037037037 0.057562499999999996 0.11824074074074074
0 0.957140625 0.09269444444444444 0.06156770833333333 0.07147222222222221
0 0.7290416666666667 0.1943888888888889 0.047609374999999995 0.10075
0 0.27743229166666666 0.24912037037037038 0.05791145833333333 0.09137962962962963
0 0.9567291666666667 0.8177962962962964 0.060744791666666666 0.1603425925925926
0 0.6442291666666667 0.43393518518518515 0.04700520833333333 0.0914537037037037
0 0.09671874999999999 0.556287037037037 0.049833333333333334 0.054435185185185184
0 0.6304427083333334 0.9387037037037037 0.040010416666666666 0.07650925925925925
0 0.92215625 0.2351574074074074 0.03276041666666667 0.060953703703703704
0 0.9715468749999999 0.4843796296296296 0.049213541666666666 0.10819444444444444
0 0.6441979166666666 0.5460277777777778 0.025671875 0.07586111111111112
0 0.5078802083333334 0.8289166666666666 0.040213541666666665 0.06866666666666667
0 0.11303125 0.48131481481481486 0.025755208333333335 0.04585185185185185
0 0.3328802083333333 0.8968425925925926 0.059515624999999996 0.10250000000000001
0 0.4405 0.726787037037037 0.027203124999999998 0.05483333333333333
0 0.9895416666666667 0.10092592592592593 0.020911458333333334 0.0855462962962963