0 0.12279166666666666 0.42241666666666666 0.058994791666666664 0.10335185185185186
0 0.144875 0.3254074074074074 0.0565 0.11674074074074074
0 0.16435416666666666 0.3935648148148148 0.032130208333333334 0.07287037037037038
0 0.2708020833333334 0.5083055555555556 0.0400625 0.1566111111111111
0 0.28601041666666666 0.5294259259259259 0.03881770833333333 0.08773148148148148
0 0.06956770833333333 0.41686111111111107 0.05086458333333333 0.11446296296296296
0 0.09352604166666666 0.529787037037037 0.06544791666666666 0.1255
0 0.17383333333333334 0.7091759259259259 0.07775 0.13982407407407407
0 0.1539375 0.5853333333333333 0.027963541666666664 0.05881481481481482
0 0.21955729166666668 0.6060648148148148 0.04255208333333334 0.055842592592592596
0 0.07925520833333333 0.6684351851851852 0.09190104166666666 0.17687962962962964
0 0.028734375 0.5933148148148147 0.03413541666666667 0.06966666666666667
0 0.10821354166666668 0.9742592592592593 0.054828125 0.05148148148148148
0 0.113 0.905787037037037 0.041078125 0.09601851851851852
0 0.13383333333333333 0.8413611111111111 0.04108333333333333 0.07087962962962963
0 0.18934895833333334 0.8045185185185185 0.045468749999999995 0.09718518518518518
0 0.36538020833333335 0.6975092592592592 0.059244791666666664 0.14242592592592593
0 0.3087135416666667 0.6831111111111111 0.06075520833333334 0.10119444444444445
0 0.34704687500000003 0.8024722222222221 0.07090624999999999 0.1486574074074074
0 0.3126666666666667 0.8724351851851851 0.08117187499999999 0.2515462962962963
0 0.496203125 0.7206481481481481 0.059265625 0.14055555555555557
0 0.521921875 0.911175925925926 0.039265625 0.059870370370370365
0 0.5218229166666667 0.8417314814814816 0.050520833333333334 0.09383333333333334
0 0.626296875 0.9209537037037037 0.07282812500000001 0.14858333333333335
0 0.7515989583333333 0.9751851851851853 0.06180729166666667 0.04962962962962963
0 0.871171875 0.8293055555555555 0.09765625 0.2578611111111111
0 0.8865885416666667 0.6551111111111111 0.10849479166666667 0.16503703703703704
0 0.97021875 0.34170370370370373 0.052520833333333336 0.10487962962962963
0 0.9357447916666667 0.9261574074074074 0.035171875 0.07008333333333333
0 0.43839062500000003 0.5534814814814815 0.065296875 0.11363888888888889
0 0.6098385416666667 0.48036111111111107 0.051578125 0.09701851851851852
0 0.6624375 0.48980555555555555 0.04845833333333334 0.10478703703703704
0 0.45536979166666663 0.3942685185185185 0.045927083333333334 0.15075925925925926
0 0.5108854166666666 0.12306481481481481 0.028645833333333332 0.07132407407407408
0 0.722640625 0.1399074074074074 0.04888541666666667 0.1087037037037037
0 0.8281562499999999 0.15487962962962964 0.14827083333333332 0.2978981481481482
0 0.7349270833333333 0.27139814814814817 0.08818229166666666 0.16611111111111113
0 0.682640625 0.3729722222222222 0.071109375 0.1637314814814815
0 0.8065885416666667 0.6745648148148148 0.026817708333333336 0.08172222222222222
0 0.5074479166666667 0.5353425925925925 0.0334375 0.08476851851851852
0 0.6224375 0.6993611111111111 0.053453125 0.10910185185185185
0 0.6665 0.7723148148148148 0.029921875 0.055
0 0.6985781249999999 0.7488055555555556 0.02409375 0.06352777777777778
0 0.76721875 0.9476296296296297 0.051395833333333335 0.0685925925925926
0 0.41860416666666667 0.8994907407407408 0.05071354166666667 0.07602777777777778
0 0.5683802083333334 0.8706203703703703 0.030322916666666665 0.06271296296296297
0 0.579421875 0.7798981481481481 0.037406249999999995 0.09609259259259259
0 0.5674427083333333 0.03166666666666667 0.038447916666666665 0.06333333333333334
0 0.812734375 0.7697222222222222 0.029109375 0.07202777777777779
0 0.7208697916666666 0.7926666666666667 0.025348958333333334 0.10312037037037038
0 0.24163541666666666 0.9714814814814815 0.03172395833333333 0.05703703703703704
0 0.9799114583333334 0.906712962962963 0.04018229166666667 0.09416666666666666
0 0.5557760416666666 0.6356851851851851 0.028442708333333334 0.07062962962962963