0 0.3060885416666667 0.6912037037037037 0.4039739583333333 0.6175925925925926
0 0.5314479166666667 0.5390462962962963 0.15897916666666667 0.3827314814814815
0 0.5578749999999999 0.8508518518518519 0.11393229166666667 0.24828703703703703
0 0.8810208333333333 0.6802314814814815 0.11047395833333334 0.21139814814814814
0 0.15833333333333333 0.2953703703703704 0.31666666666666665 0.5907407407407408
0 0.4278020833333333 0.27689814814814817 0.10247916666666666 0.14083333333333334
0 0.7027760416666666 0.07662037037037037 0.11076562499999999 0.15324074074074073
0 0.42311979166666663 0.06519444444444444 0.06313541666666667 0.10201851851851852
0 0.5805312499999999 0.33175000000000004 0.063421875 0.11626851851851851
0 0.6703645833333333 0.26973148148148146 0.06603645833333334 0.12186111111111113
0 0.910453125 0.13694444444444445 0.06503645833333334 0.15297222222222223
0 0.9084895833333333 0.3611759259259259 0.08469270833333334 0.15357407407407409
0 0.9890625 0.3595 0.021875 0.24584259259259258
0 0.49472916666666666 0.2604722222222222 0.03970833333333333 0.14037962962962963
0 0.6413333333333333 0.4632314814814815 0.074625 0.1577962962962963
0 0.6264895833333333 0.5943981481481482 0.04702083333333333 0.09065740740740741
0 0.03463541666666667 0.9481481481481482 0.06927083333333334 0.1037037037037037
0 0.8459947916666667 0.9365740740740741 0.12636458333333334 0.12685185185185185
0 0.9380520833333333 0.8057129629629629 0.07233333333333333 0.13949999999999999
0 0.88896875 0.8205185185185185 0.0533125 0.1098888888888889
0 0.8400104166666666 0.5143611111111112 0.05709895833333333 0.07868518518518519