0 0.356453125 0.17096296296296296 0.09519791666666667 0.1728888888888889
0 0.2901927083333333 0.3165185185185185 0.13888541666666668 0.20121296296296295
0 0.14592708333333335 0.2375925925925926 0.051744791666666665 0.09517592592592593
0 0.23172916666666668 0.16327777777777777 0.05529166666666666 0.11267592592592593
0 0.8514739583333333 0.8468425925925926 0.15955208333333332 0.26683333333333337
0 0.7858385416666667 0.6045555555555555 0.198765625 0.25911111111111107
0 0.9440416666666667 0.7510555555555556 0.08639583333333332 0.14007407407407407
0 0.676875 0.4021296296296296 0.058229166666666665 0.09481481481481482
0 0.9591145833333333 0.5321296296296296 0.08177083333333333 0.23
0 0.8128020833333333 0.40787962962962965 0.04679166666666667 0.09725
0 0.80225 0.07907407407407407 0.028463541666666665 0.055740740740740743
0 0.9463802083333334 0.0349537037037037 0.04848958333333333 0.0699074074074074