0 0.3594453125 0.9277777777777778 0.1476171875 0.14444444444444443
0 0.051546875000000006 0.7020972222222223 0.09601562500000001 0.14943055555555557
0 0.1375859375 0.8506666666666667 0.0824140625 0.15687500000000001
0 0.21867968750000003 0.762625 0.0666015625 0.13555555555555554
0 0.3131328125 0.6120416666666667 0.0817734375 0.136
0 0.066515625 0.40930555555555553 0.1330390625 0.309875
0 0.40531249999999996 0.12508333333333332 0.1429453125 0.2501527777777778
0 0.057015625 0.1947222222222222 0.042671875 0.07913888888888888
0 0.3964921875 0.7737083333333334 0.055671875 0.09820833333333333
0 0.5633359375 0.887361111111111 0.0679765625 0.09933333333333333
0 0.671921875 0.8254861111111111 0.058390624999999995 0.08668055555555555
0 0.7438984375000001 0.8607916666666666 0.05059375000000001 0.06998611111111111
0 0.9772343749999999 0.3274166666666667 0.0455390625 0.13419444444444445
0 0.85003125 0.24709722222222222 0.050390625 0.07275000000000001
0 0.7923281249999999 0.31948611111111114 0.029625000000000002 0.05486111111111111
0 0.81565625 0.44245833333333334 0.047703125 0.09444444444444444
0 0.9660703125 0.4486111111111111 0.067859375 0.12658333333333333
0 0.858171875 0.48551388888888886 0.0452578125 0.08133333333333334
0 0.8159921875 0.6394305555555555 0.06265625 0.08758333333333333
0 0.8021874999999999 0.8582083333333332 0.03659375 0.06456944444444444
0 0.8026249999999999 0.9692916666666667 0.030515625 0.06141666666666667
0 0.738390625 0.7949861111111111 0.0339765625 0.07083333333333333
0 0.821890625 0.7305 0.030171874999999997 0.07148611111111111
0 0.2704609375 0.6575277777777778 0.054906250000000004 0.089125
0 0.291640625 0.8117916666666667 0.075046875 0.08902777777777778
0 0.380609375 0.2769583333333333 0.031703125 0.07016666666666667