0 0.057421875 0.356462962962963 0.11484375 0.4295833333333333
0 0.618921875 0.49383333333333335 0.28680729166666663 0.9876574074074075
0 0.1974739583333333 0.6187962962962963 0.2694270833333333 0.5133425925925925
0 0.4252083333333333 0.5447777777777778 0.17354166666666665 0.7724722222222222
0 0.7765989583333333 0.5962314814814814 0.08393229166666667 0.2054351851851852
0 0.84846875 0.8763888888888889 0.09225 0.24722222222222223
0 0.8620208333333333 0.6068796296296296 0.10981770833333333 0.19894444444444445
0 0.9591145833333333 0.5048425925925926 0.08177083333333333 0.12912037037037036
0 0.175484375 0.9203703703703704 0.094859375 0.15925925925925927
0 0.28917708333333336 0.320462962962963 0.03978125 0.10141666666666667
0 0.11938020833333333 0.3446388888888889 0.04542708333333333 0.06775925925925927