0 0.419609375 0.8207916666666667 0.1665078125 0.35841666666666666
0 0.858375 0.7491805555555555 0.190015625 0.3400138888888889
0 0.30358593749999996 0.7889861111111112 0.1821796875 0.2900138888888889
0 0.40724218749999996 0.19295833333333334 0.1417734375 0.25390277777777776
0 0.1150703125 0.06851388888888889 0.080265625 0.13704166666666667
0 0.076015625 0.3030972222222222 0.1063046875 0.1817638888888889
0 0.028125 0.74875 0.05625 0.12619444444444444
0 0.06859375 0.9330972222222222 0.0977109375 0.13379166666666667
0 0.08695312499999999 0.5345 0.0469375 0.1078611111111111
0 0.015101562499999999 0.3005555555555556 0.0302109375 0.22851388888888888
0 0.0626015625 0.42919444444444443 0.041984375000000004 0.06381944444444444
0 0.8859765625 0.4050972222222222 0.0827421875 0.14723611111111112
0 0.726609375 0.45002777777777775 0.047296875 0.049958333333333334
0 0.7867656249999999 0.5650138888888889 0.088453125 0.11983333333333333
0 0.915015625 0.5899861111111111 0.16997656249999998 0.18830555555555556
0 0.9799453124999999 0.33155555555555555 0.0401015625 0.1202361111111111
0 0.5009765625 0.3137361111111111 0.0584609375 0.09569444444444446
0 0.263234375 0.5196944444444445 0.059984375 0.11895833333333335
0 0.2385 0.40305555555555556 0.0625859375 0.1114861111111111
0 0.26349999999999996 0.17348611111111112 0.0438359375 0.07061111111111111
0 0.32742187500000003 0.16979166666666667 0.03453125 0.0780138888888889
0 0.5313125000000001 0.5960555555555556 0.08371875 0.105125