0 0.3521875 0.7408541666666667 0.24075000000000002 0.341875
0 0.10434375 0.8578749999999999 0.2086875 0.28425
0 0.9151093749999999 0.5779583333333334 0.169796875 0.14572916666666666
0 0.34750000000000003 0.4689583333333333 0.156390625 0.1638541666666667
0 0.512765625 0.5367708333333333 0.08975 0.16520833333333332
0 0.14751562499999998 0.5978541666666667 0.125796875 0.21329166666666666
0 0.04021875 0.6001875 0.080453125 0.11610416666666666
0 0.0296875 0.25704166666666667 0.059375 0.14887499999999998
0 0.546265625 0.058104166666666665 0.084875 0.11620833333333333
0 0.518671875 0.39029166666666665 0.071 0.09910416666666667
0 0.933546875 0.37827083333333333 0.099046875 0.11208333333333333
0 0.462765625 0.8558958333333333 0.07864062499999999 0.10437500000000001
0 0.485328125 0.9412083333333333 0.06821875 0.11758333333333333
0 0.906125 0.9793958333333334 0.07384375 0.04120833333333333
0 0.39125 0.2769375 0.055015625 0.0813125
0 0.830265625 0.24960416666666668 0.0695625 0.058479166666666665
0 0.616921875 0.5643125 0.075875 0.09529166666666668
0 0.242640625 0.2935833333333333 0.060546875 0.06652083333333333