0 0.33387500000000003 0.11925 0.0637109375 0.12376388888888888
0 0.3513125 0.21563888888888888 0.0716328125 0.11848611111111111
0 0.3749609375 0.3765277777777778 0.07740625 0.25001388888888887
0 0.47427343750000006 0.3272638888888889 0.10478125 0.25422222222222224
0 0.6696796875000001 0.233125 0.0803515625 0.21434722222222224
0 0.6984765625 0.4208611111111111 0.129609375 0.16743055555555555
0 0.317078125 0.7367916666666667 0.10471875 0.17143055555555556
0 0.06934375000000001 0.733375 0.0458203125 0.08088888888888889
0 0.844109375 0.6276111111111111 0.07390624999999999 0.15855555555555556
0 0.8349062500000001 0.9301805555555556 0.0768984375 0.1396388888888889
0 0.9843828125 0.5717361111111111 0.0312421875 0.1282361111111111
0 0.5462890625 0.706388888888889 0.06689062500000001 0.10244444444444445
0 0.5841796875 0.3097916666666667 0.0414140625 0.11272222222222222
0 0.6752421875 0.5597222222222222 0.048671874999999996 0.08747222222222222
0 0.8171406250000001 0.7755972222222222 0.042234375000000005 0.081625