0 0.0819453125 0.5742222222222222 0.1480546875 0.16894444444444445
0 0.15301562500000002 0.7557777777777778 0.21665625 0.3958611111111111
0 0.4820703125 0.8959305555555557 0.152484375 0.2081388888888889
0 0.73365625 0.9159166666666667 0.1141328125 0.16816666666666666
0 0.781390625 0.36590277777777774 0.0768828125 0.13655555555555554
0 0.9752812499999999 0.43748611111111113 0.0494296875 0.14177777777777778
0 0.4087734375 0.29100000000000004 0.081859375 0.16458333333333333
0 0.25793750000000004 0.5242916666666667 0.062468749999999997 0.13244444444444445
0 0.103421875 0.09236111111111112 0.054960937499999994 0.07861111111111112
0 0.021703125 0.34945833333333337 0.04340625 0.10454166666666666
0 0.20672656250000002 0.3681527777777778 0.053437500000000006 0.09780555555555556
0 0.1336171875 0.3595833333333333 0.088515625 0.131375
0 0.2982265625 0.21947222222222224 0.058773437500000004 0.12497222222222223
0 0.34852343750000003 0.23716666666666666 0.060906249999999995 0.12384722222222222
0 0.6513671875 0.548875 0.045875 0.12284722222222223
0 0.63725 0.47633333333333333 0.055281250000000004 0.10715277777777779
0 0.6837578125 0.26629166666666665 0.050828125 0.09609722222222222
0 0.6229843749999999 0.022069444444444444 0.062320312499999996 0.04413888888888889
0 0.77196875 0.5104861111111111 0.0494921875 0.09852777777777777
0 0.9624375000000001 0.9035416666666666 0.0751171875 0.19291666666666668
0 0.547671875 0.7887222222222222 0.0632265625 0.08123611111111112
0 0.18936718749999998 0.5269166666666667 0.058750000000000004 0.08266666666666667
0 0.1486015625 0.975 0.1143046875 0.05
0 0.8091406250000001 0.9743888888888889 0.05346093750000001 0.051222222222222225
0 0.9613046875 0.7065277777777778 0.0661328125 0.1478472222222222