0 0.698921875 0.9272708333333333 0.148171875 0.14545833333333333
0 0.5709375 0.9357916666666667 0.1100625 0.12841666666666668
0 0.799625 0.8320624999999999 0.1314375 0.21260416666666665
0 0.100390625 0.9405208333333334 0.0781875 0.1189375
0 0.1101875 0.8095416666666666 0.0614375 0.1031875
0 0.043140625 0.8521875 0.086296875 0.11835416666666668
0 0.0361875 0.7114583333333333 0.070234375 0.141875
0 0.034937499999999996 0.07216666666666667 0.069890625 0.14431249999999998
0 0.089734375 0.10714583333333333 0.04553125 0.06679166666666667
0 0.118140625 0.020083333333333335 0.0614375 0.04014583333333333
0 0.195125 0.19935416666666667 0.056343750000000005 0.1664375
0 0.196546875 0.0804375 0.059171875 0.08608333333333333
0 0.12609375 0.15106250000000002 0.061281249999999995 0.11527083333333334
0 0.26954687499999996 0.40549999999999997 0.066578125 0.136
0 0.24881250000000002 0.42902083333333335 0.056921875 0.10485416666666666
0 0.352640625 0.42202083333333335 0.07403125 0.17564583333333333
0 0.352640625 0.306125 0.051296875 0.07410416666666667
0 0.37990625 0.24968749999999998 0.060390624999999996 0.09331249999999999
0 0.22921874999999997 0.28583333333333333 0.067703125 0.13910416666666667
0 0.010078125 0.29268750000000004 0.020171875 0.07447916666666667
0 0.055937499999999994 0.5810208333333333 0.062 0.09689583333333333
0 0.094703125 0.6340416666666666 0.044109375 0.08170833333333333
0 0.27551562500000004 0.6480208333333334 0.060328124999999996 0.19302083333333334
0 0.379765625 0.5528125 0.050687499999999996 0.08970833333333333
0 0.280203125 0.8911458333333333 0.076515625 0.17925000000000002
0 0.36726562500000004 0.86525 0.049312499999999995 0.09602083333333335
0 0.418125 0.8915416666666667 0.047859374999999996 0.08154166666666667
0 0.378640625 0.6874166666666667 0.052953125000000004 0.16575
0 0.955390625 0.9717708333333334 0.08920312500000001 0.0564375
0 0.8307343749999999 0.9604166666666667 0.06639062500000001 0.07916666666666666
0 0.534296875 0.6641458333333333 0.059796875000000006 0.08510416666666668
0 0.633296875 0.38695833333333335 0.057828124999999994 0.06104166666666667
0 0.7751875 0.081375 0.055296875 0.07864583333333333
0 0.79209375 0.11660416666666666 0.030015625 0.0554375
0 0.891375 0.25764583333333335 0.035015625 0.056187499999999994
0 0.938390625 0.2735416666666667 0.061281249999999995 0.11829166666666667
0 0.95215625 0.39966666666666667 0.03159375 0.07643749999999999
0 0.9366875 0.8064583333333334 0.052593749999999995 0.08022916666666666
0 0.679484375 0.6662916666666666 0.038796874999999995 0.06589583333333333
0 0.725046875 0.6122916666666666 0.040781250000000005 0.11495833333333333
0 0.741625 0.4733958333333333 0.050875000000000004 0.1288125
0 0.58815625 0.5289791666666667 0.038796874999999995 0.0509375
0 0.6860937500000001 0.7246041666666667 0.0351875 0.06714583333333332
0 0.539359375 0.7260416666666667 0.044359375 0.054000000000000006
0 0.50546875 0.8474791666666667 0.049640625 0.08533333333333333
0 0.28540625 0.7659583333333334 0.0463125 0.0745
0 0.3284375 0.7242708333333333 0.045515625 0.07291666666666667
0 0.735734375 0.3495416666666667 0.045515625 0.11512499999999999
0 0.734171875 0.26 0.041734375000000004 0.07383333333333333
0 0.774671875 0.40325 0.0400625 0.05633333333333333
0 0.875875 0.5816874999999999 0.034796875 0.06339583333333333
0 0.8143437499999999 0.6776666666666666 0.05209375000000001 0.05339583333333333
0 0.89221875 0.7470416666666666 0.0405625 0.0674375
0 0.41653124999999996 0.429 0.035203125 0.15864583333333335
0 0.5778125000000001 0.6405208333333333 0.053968749999999996 0.0721875
0 0.575890625 0.7481666666666666 0.048203125 0.08762500000000001