0 0.9028984375 0.38455555555555554 0.11659375000000001 0.16701388888888888
0 0.2702734375 0.22743055555555555 0.1240390625 0.245125
0 0.17586718750000002 0.09745833333333334 0.14808593750000001 0.19490277777777779
0 0.0790078125 0.8729166666666667 0.139375 0.25416666666666665
0 0.7484140625 0.21516666666666664 0.0431328125 0.09595833333333334
0 0.7803203125 0.03640277777777778 0.024648437500000002 0.07279166666666666
0 0.30775 0.09059722222222223 0.0399296875 0.07831944444444444
0 0.32442187499999997 0.15102777777777776 0.037851562500000005 0.07140277777777777
0 0.33587500000000003 0.35129166666666667 0.027437499999999997 0.09044444444444445
0 0.3698671875 0.3151805555555556 0.0391640625 0.07931944444444444
0 0.5373281249999999 0.1683888888888889 0.029296875 0.09501388888888888
0 0.8679609375 0.04890277777777778 0.032218750000000004 0.09780555555555556