0 0.33119791666666665 0.15058333333333332 0.029062499999999998 0.06549999999999999
0 0.37169270833333334 0.09477777777777778 0.04359375 0.12382407407407406
0 0.651484375 0.12162037037037036 0.06546354166666667 0.15898148148148147
0 0.7068229166666666 0.32596296296296295 0.066046875 0.10933333333333334
0 0.47441666666666665 0.3359074074074074 0.06991145833333333 0.13385185185185186
0 0.4654375 0.4937685185185185 0.07485937499999999 0.13374999999999998
0 0.39017708333333334 0.4923518518518519 0.050666666666666665 0.09487962962962963
0 0.603046875 0.48286111111111113 0.072765625 0.11756481481481482
0 0.6022708333333333 0.5958240740740741 0.043078124999999995 0.11946296296296298
0 0.6520104166666666 0.540712962962963 0.07931770833333333 0.11289814814814815
0 0.8560260416666666 0.6427685185185186 0.039651041666666664 0.07164814814814814
0 0.8551145833333333 0.5793611111111111 0.04809895833333333 0.08372222222222223
0 0.9149999999999999 0.6964259259259259 0.08208854166666667 0.253037037037037
0 0.9268541666666666 0.6584814814814814 0.0374375 0.2327037037037037
0 0.987109375 0.7195833333333334 0.02578125 0.13269444444444445
0 0.80928125 0.7519814814814815 0.0685625 0.14192592592592593
0 0.6775260416666666 0.6427592592592593 0.080359375 0.14569444444444443
0 0.71984375 0.8086851851851852 0.07125520833333333 0.12106481481481482
0 0.7258281249999999 0.7126481481481481 0.07490104166666667 0.10955555555555554
0 0.7557760416666667 0.9354166666666667 0.07230208333333334 0.12916666666666668
0 0.6645052083333333 0.9585648148148148 0.064734375 0.08287037037037037
0 0.39877083333333335 0.8889722222222223 0.03734895833333333 0.17516666666666666
0 0.34096875 0.9655092592592592 0.08421354166666667 0.06898148148148148
0 0.12978645833333333 0.895 0.06386458333333334 0.12239814814814814
0 0.06259895833333333 0.9001296296296296 0.07259375 0.13585185185185186
0 0.367265625 0.6915925925925925 0.05765625 0.11836111111111111
0 0.35789062499999996 0.6309629629629631 0.03473958333333334 0.08044444444444444
0 0.4248125 0.7288518518518519 0.06235416666666667 0.07714814814814815
0 0.28471874999999996 0.829537037037037 0.05086979166666667 0.08721296296296296
0 0.4923854166666667 0.9238425925925926 0.049604166666666664 0.15231481481481482
0 0.5785781249999999 0.9343425925925927 0.034515625 0.09924074074074074
0 0.8571979166666667 0.8984722222222222 0.064765625 0.1154537037037037
0 0.9134427083333333 0.8926851851851852 0.04602604166666667 0.09000925925925925
0 0.6715364583333333 0.21630555555555556 0.03505208333333333 0.06369444444444446
0 0.9769791666666666 0.9574074074074074 0.046036458333333335 0.08518518518518518