0 0.010296875 0.17814583333333334 0.020578125 0.07129166666666667
0 0.11240625 0.24962499999999999 0.085703125 0.08420833333333334
0 0.17759375 0.29010416666666666 0.047343750000000004 0.1489375
0 0.04015625 0.8952916666666667 0.080296875 0.1333541666666667
0 0.11487499999999999 0.8614791666666667 0.066234375 0.11966666666666666
0 0.329609375 0.8269375 0.10475000000000001 0.11833333333333333
0 0.16196875 0.7168541666666666 0.08317187499999999 0.18952083333333333
0 0.20096875 0.7752916666666666 0.063609375 0.09972916666666666
0 0.072875 0.7109375 0.060609375 0.093
0 0.52696875 0.8704583333333333 0.09946875 0.13422916666666668
0 0.59609375 0.9643541666666666 0.10179687500000001 0.07129166666666667
0 0.365484375 0.5047291666666667 0.12565625 0.2872291666666667
0 0.41262499999999996 0.39077083333333335 0.07228124999999999 0.0898125
0 0.9765937499999999 0.7887500000000001 0.046796875 0.250125
0 0.904421875 0.5167708333333334 0.10067187500000001 0.16560416666666666
0 0.8247656250000001 0.4812083333333333 0.050624999999999996 0.128375
0 0.7029375 0.9829583333333333 0.05853125 0.034083333333333334
0 0.6550312500000001 0.40397916666666667 0.05675 0.09589583333333333
0 0.491515625 0.566625 0.082953125 0.1467291666666667
0 0.280875 0.49222916666666666 0.04284375 0.13345833333333335
0 0.82325 0.8214583333333334 0.088234375 0.141375
0 0.382140625 0.7106875 0.039515625 0.11637499999999999
0 0.450609375 0.7615 0.046875 0.09602083333333335
0 0.516546875 0.7596458333333334 0.038984375 0.08891666666666667
0 0.509 0.43983333333333335 0.051859375 0.17895833333333336
0 0.2245 0.48052083333333334 0.069015625 0.0554375
0 0.55575 0.5144166666666666 0.04265625 0.14722916666666666
0 0.579453125 0.4417291666666667 0.0304375 0.048937499999999995
0 0.7144999999999999 0.5202916666666667 0.035484375 0.049791666666666665
0 0.608265625 0.8771666666666668 0.043671875 0.10160416666666668
0 0.72584375 0.8740833333333333 0.06553125 0.06064583333333333
0 0.95015625 0.8997708333333333 0.0683125 0.15485416666666665
0 0.5959218749999999 0.7646041666666666 0.050687499999999996 0.08266666666666667
0 0.6796562500000001 0.6401249999999999 0.045453125 0.07470833333333333
0 0.73246875 0.6350416666666666 0.034609375 0.04847916666666666
0 0.929078125 0.3702708333333333 0.058203125 0.16695833333333335
0 0.982609375 0.3552916666666667 0.03478125 0.07275000000000001
0 0.685171875 0.7759791666666668 0.050484375000000005 0.07060416666666666
0 0.9768593750000001 0.6339791666666666 0.037375000000000005 0.057041666666666664
0 0.217375 0.9627291666666667 0.07485937499999999 0.07454166666666667
0 0.653671875 0.4643333333333333 0.032515625 0.04429166666666667
0 0.437109375 0.8735208333333334 0.037203125 0.0758125