0 0.35177604166666665 0.7547314814814815 0.184984375 0.35112037037037036
0 0.388359375 0.9435185185185185 0.07276041666666666 0.11296296296296296
0 0.858765625 0.6728425925925926 0.10330729166666666 0.14105555555555555
0 0.6473281249999999 0.19699074074074074 0.20326041666666667 0.3939814814814815
0 0.6621666666666666 0.12291666666666666 0.1579583333333333 0.24583333333333332
0 0.8953489583333333 0.4338425925925926 0.07440625000000001 0.14713888888888887
0 0.94846875 0.34724999999999995 0.06191666666666666 0.0963611111111111
0 0.8263437499999999 0.3021574074074074 0.05096354166666666 0.07253703703703704
0 0.9092864583333333 0.22436111111111112 0.02941145833333333 0.10757407407407409
0 0.9499010416666667 0.21306481481481482 0.06686458333333332 0.09794444444444445
0 0.8430052083333333 0.2371111111111111 0.03846354166666666 0.061250000000000006
0 0.76215625 0.11980555555555554 0.051729166666666666 0.08538888888888889
0 0.6990104166666666 0.6964814814814815 0.040005208333333334 0.08019444444444444
0 0.7639791666666667 0.7894722222222222 0.053296875 0.11506481481481481
0 0.54459375 0.603925925925926 0.083203125 0.1541851851851852
0 0.12633333333333333 0.8143518518518519 0.03941666666666667 0.049805555555555554
0 0.12796354166666665 0.7529444444444444 0.05188541666666667 0.11539814814814814
0 0.2562083333333333 0.8751296296296296 0.048005208333333334 0.07475
0 0.015104166666666667 0.7846481481481481 0.030208333333333334 0.09366666666666666
0 0.03825520833333333 0.7265648148148148 0.04119791666666666 0.08483333333333334
0 0.43952604166666664 0.47988888888888886 0.045947916666666665 0.12449074074074074
0 0.06706770833333334 0.023333333333333334 0.055859375 0.04666666666666667
0 0.09581770833333333 0.4170740740740741 0.04003645833333334 0.09621296296296296
0 0.177890625 0.9122685185185185 0.034213541666666666 0.06824074074074074
0 0.29288020833333334 0.9761111111111112 0.029234375 0.04777777777777778
0 0.47745312500000003 0.8808148148148148 0.03509895833333333 0.06133333333333333
0 0.45224479166666665 0.7456481481481481 0.03134375 0.09055555555555556
0 0.49286458333333333 0.6369722222222222 0.029062499999999998 0.1213611111111111
0 0.17289583333333333 0.7813796296296296 0.04421354166666667 0.06943518518518518
0 0.048427083333333336 0.8101018518518518 0.05356770833333333 0.06202777777777777
0 0.1283125 0.16122222222222224 0.033375 0.05237037037037037
0 0.23111979166666666 0.06939814814814815 0.034015625 0.04342592592592592
0 0.1633125 0.13123148148148148 0.030046874999999997 0.04568518518518519
0 0.2563229166666667 0.21878703703703703 0.021104166666666667 0.036833333333333336
0 0.23309375000000002 0.3670833333333333 0.027973958333333333 0.055453703703703706
0 0.33360416666666665 0.32504629629629633 0.029296875 0.04935185185185185
0 0.34256770833333333 0.37004629629629626 0.020286458333333333 0.034722222222222224
0 0.14445833333333333 0.6482777777777777 0.024 0.08099074074074074
0 0.25861458333333337 0.5520092592592593 0.03735416666666667 0.08105555555555556
0 0.8943958333333334 0.7289814814814815 0.07411979166666667 0.13870370370370372