0 0.08932291666666667 0.2391481481481481 0.17864583333333334 0.40879629629629627
0 0.534171875 0.8185185185185185 0.16677604166666665 0.362962962962963
0 0.8706770833333334 0.5631481481481482 0.07677083333333333 0.1531574074074074
0 0.9760416666666667 0.8315740740740741 0.04791666666666667 0.20852777777777778
0 0.9202083333333333 0.6802407407407407 0.07167187500000001 0.15586111111111112
0 0.9553645833333333 0.6955277777777777 0.06385416666666667 0.08457407407407408
0 0.6911979166666666 0.684212962962963 0.09729166666666668 0.08157407407407406
0 0.3215677083333333 0.5928148148148148 0.07873958333333334 0.15787962962962962
0 0.3785989583333333 0.14783333333333332 0.14697395833333332 0.23767592592592593
0 0.36075 0.04884259259259259 0.09077083333333333 0.09768518518518518
0 0.606953125 0.36880555555555555 0.064953125 0.12441666666666668
0 0.24758333333333335 0.3245277777777778 0.09369791666666667 0.16051851851851853
0 0.14810937500000002 0.6475092592592592 0.06478645833333334 0.17470370370370372
0 0.22498437500000001 0.6637685185185185 0.06936979166666667 0.14467592592592593
0 0.64815625 0.5211481481481481 0.03997916666666667 0.09661111111111112
0 0.7738854166666667 0.8862222222222222 0.11320833333333334 0.1975
0 0.39036458333333335 0.9257592592592593 0.053171875 0.09037037037037036
0 0.40621875 0.7206481481481481 0.05898958333333334 0.13635185185185184
0 0.0983125 0.6703981481481481 0.06256770833333333 0.08819444444444445
0 0.19063541666666667 0.5881666666666667 0.036041666666666666 0.10492592592592592
0 0.40286458333333336 0.28825925925925927 0.06284375 0.10944444444444444
0 0.44508333333333333 0.2753703703703704 0.03170833333333333 0.07663888888888888
0 0.1371666666666667 0.9569814814814814 0.07186458333333333 0.08358333333333333
0 0.027463541666666664 0.8523518518518518 0.03034375 0.08033333333333334
0 0.8553958333333332 0.1925462962962963 0.06416666666666666 0.10148148148148148
0 0.8499322916666666 0.29910185185185184 0.06728645833333333 0.07874074074074075
0 0.6801979166666666 0.63125 0.033880208333333335 0.06444444444444444
0 0.6237708333333334 0.9490370370370371 0.200609375 0.10192592592592592