0 0.5031822916666667 0.6275833333333333 0.23500520833333333 0.7448333333333333
0 0.39277083333333335 0.1826851851851852 0.2641875 0.31815740740740744
0 0.26753645833333334 0.9493055555555555 0.16856770833333332 0.10138888888888889
0 0.14006770833333335 0.9678240740740741 0.06346354166666666 0.06435185185185185
0 0.7762135416666667 0.5606018518518519 0.07013020833333333 0.19897222222222222
0 0.865921875 0.3889444444444444 0.09679687499999999 0.11656481481481482
0 0.09228645833333333 0.31743518518518515 0.06594270833333334 0.14382407407407408
0 0.324796875 0.5453703703703704 0.043645833333333335 0.1
0 0.8318125 0.9655092592592592 0.07647916666666667 0.06898148148148148
0 0.9838541666666667 0.3852407407407407 0.03229166666666667 0.1054537037037037
0 0.9383125 0.3521388888888889 0.035354166666666666 0.06516666666666666