0 0.32423437499999996 0.395375 0.09875 0.1555625
0 0.191609375 0.4053125 0.10010937499999999 0.21712499999999998
0 0.17928125 0.6210625000000001 0.080078125 0.20325000000000001
0 0.0288125 0.5502291666666667 0.057640625 0.15045833333333333
0 0.10410937499999999 0.47850000000000004 0.05821875 0.13652083333333334
0 0.047859374999999996 0.41625 0.084609375 0.12677083333333333
0 0.6735156250000001 0.22366666666666665 0.094640625 0.19177083333333333
0 0.51728125 0.29702083333333335 0.1154375 0.22275
0 0.360515625 0.1026875 0.057437499999999996 0.07333333333333333
0 0.278921875 0.29333333333333333 0.07478125 0.12277083333333333
0 0.196984375 0.25795833333333335 0.053000000000000005 0.05445833333333334
0 0.026218750000000002 0.341 0.052437500000000005 0.07925
0 0.09353125 0.3396458333333333 0.056703125 0.062375
0 0.023609375 0.6668541666666666 0.04721875 0.10239583333333332
0 0.49418749999999995 0.5615208333333332 0.10259375 0.274875
0 0.52925 0.7589791666666666 0.085578125 0.16816666666666666
0 0.047046875 0.9377291666666667 0.09409375 0.12454166666666668
0 0.10896874999999999 0.9093541666666667 0.057046875 0.1048125
0 0.27303125 0.9517083333333333 0.051875000000000004 0.08302083333333334
0 0.32840625 0.8558958333333333 0.07653125 0.08585416666666666
0 0.41971875000000003 0.8707083333333333 0.039734375 0.11547916666666666
0 0.7049375 0.9388958333333334 0.09082812500000001 0.12222916666666667
0 0.609796875 0.947 0.080015625 0.10602083333333333
0 0.9854218749999999 0.8843541666666667 0.029171875000000003 0.14739583333333334
0 0.931125 0.8600625 0.05946875 0.1034375
0 0.91740625 0.7695833333333333 0.070234375 0.06602083333333333
0 0.6111875 0.8214583333333334 0.055015625 0.14506249999999998
0 0.678546875 0.8491875 0.088046875 0.07708333333333334
0 0.61640625 0.7047916666666667 0.052625 0.08456250000000001
0 0.7245468749999999 0.5902083333333333 0.166171875 0.27670833333333333
0 0.725421875 0.7013125 0.084578125 0.09152083333333333
0 0.888078125 0.5703333333333334 0.10995312500000001 0.15360416666666668
0 0.8794062500000001 0.6876874999999999 0.09259375 0.10702083333333333
0 0.9680624999999999 0.41504166666666664 0.063890625 0.2458125
0 0.8391249999999999 0.5258958333333333 0.06203125 0.13883333333333334
0 0.774375 0.41575 0.0630625 0.0666875
0 0.77159375 0.4203958333333333 0.070265625 0.0574375
0 0.8306093750000001 0.40579166666666666 0.047796875 0.09770833333333333
0 0.591234375 0.4613333333333333 0.057828124999999994 0.13470833333333332
0 0.411203125 0.7196250000000001 0.08106250000000001 0.07095833333333333
0 0.31451562499999997 0.7603125 0.09040625 0.15858333333333335
0 0.6986718749999999 0.31464583333333335 0.0494375 0.0568125
0 0.7597968749999999 0.24079166666666665 0.064453125 0.14270833333333333
0 0.76690625 0.9260416666666667 0.067578125 0.10254166666666667