0 0.03138020833333333 0.22812962962962963 0.06276041666666667 0.2205925925925926
0 0.15126562500000001 0.10592592592592594 0.049401041666666666 0.13165740740740742
0 0.2901927083333333 0.05115740740740741 0.11805729166666666 0.10231481481481482
0 0.3137552083333333 0.14132407407407407 0.06311458333333334 0.08400925925925927
0 0.23797395833333335 0.18364814814814814 0.05094791666666666 0.09785185185185186
0 0.2612760416666667 0.4283148148148148 0.214734375 0.3433703703703703
0 0.3166145833333333 0.2789814814814815 0.0728125 0.13297222222222224
0 0.3667447916666667 0.42892592592592593 0.100359375 0.1995185185185185
0 0.15308333333333335 0.33735185185185185 0.1415833333333333 0.24287962962962964
0 0.4120520833333333 0.5754444444444444 0.030583333333333334 0.049101851851851855
0 0.39851041666666664 0.5421111111111111 0.036083333333333335 0.05087962962962963
0 0.42806770833333335 0.4974722222222222 0.05844791666666667 0.10783333333333332
0 0.4086666666666667 0.10013888888888889 0.06368229166666667 0.08306481481481481
0 0.7152760416666666 0.2722407407407407 0.18783854166666666 0.3537314814814815
0 0.9708333333333333 0.3305833333333333 0.058333333333333334 0.17412037037037037
0 0.9635677083333333 0.8262685185185186 0.05161458333333333 0.10069444444444445
0 0.9448177083333333 0.7853148148148148 0.04536458333333333 0.07896296296296297
0 0.9845052083333333 0.7735 0.030989583333333334 0.14330555555555557
0 0.768671875 0.837037037037037 0.16891145833333335 0.32592592592592595
0 0.8825885416666667 0.6909351851851853 0.08430208333333335 0.14683333333333334
0 0.9208645833333333 0.6585277777777778 0.06503645833333334 0.08201851851851852
0 0.9002916666666666 0.6043518518518519 0.055265625 0.11517592592592593
0 0.21245833333333333 0.7809537037037036 0.051994791666666665 0.13438888888888886
0 0.2562083333333333 0.7740092592592592 0.08966666666666666 0.14272222222222222
0 0.08851041666666666 0.6083148148148149 0.033265625 0.08522222222222223
0 0.12444791666666667 0.6089814814814816 0.06152083333333334 0.10591666666666667
0 0.18941145833333334 0.6909351851851853 0.06059375 0.1283240740740741
0 0.24800520833333334 0.9747685185185185 0.06701041666666667 0.050462962962962966
0 0.2619375 0.910074074074074 0.057380208333333335 0.09281481481481481
0 0.17365625 0.8987314814814815 0.06293750000000001 0.11086111111111112
0 0.6734843749999999 0.8216759259259259 0.044369791666666665 0.13071296296296295
0 0.9845052083333333 0.8890185185185185 0.030989583333333334 0.12103703703703704
0 0.10504166666666667 0.5219722222222223 0.048109375 0.09856481481481481
0 0.009895833333333333 0.11309259259259259 0.019791666666666666 0.07566666666666666