0 0.683765625 0.4736111111111111 0.24460937500000002 0.9472222222222222
0 0.9337578125 0.498875 0.1095703125 0.1698611111111111
0 0.41245312500000003 0.2025 0.1834375 0.405
0 0.2619375 0.49070833333333336 0.119875 0.2351111111111111
0 0.29617187500000003 0.6775138888888889 0.0761953125 0.108875
0 0.49563281249999996 0.6557638888888888 0.089703125 0.1986527777777778
0 0.2158515625 0.8798611111111111 0.1339296875 0.24027777777777778
0 0.0863046875 0.22441666666666668 0.093546875 0.20948611111111112
0 0.0606796875 0.6190972222222222 0.12135156250000001 0.4965277777777778
0 0.0515625 0.33822222222222226 0.103125 0.14773611111111112
0 0.185765625 0.4667083333333333 0.06371875 0.16475
0 0.0741953125 0.9330972222222222 0.0943203125 0.13379166666666667
0 0.015101562499999999 0.1374027777777778 0.0302109375 0.1057638888888889
0 0.3293515625 0.7525694444444445 0.0485390625 0.3006388888888889
0 0.8617890625 0.9497500000000001 0.05011718750000001 0.1005
0 0.75190625 0.8918055555555556 0.0451015625 0.10418055555555557
0 0.9631953125000001 0.9700972222222223 0.073609375 0.059805555555555556
0 0.7969609375 0.833736111111111 0.0486484375 0.07972222222222222
0 0.2973828125 0.9793472222222223 0.0383671875 0.041305555555555554