0 0.11932812500000001 0.8727083333333334 0.1967734375 0.25458333333333333
0 0.23277343749999999 0.8179166666666666 0.1052890625 0.23213888888888887
0 0.27599999999999997 0.30675 0.123 0.177375
0 0.5430234375 0.7350833333333333 0.0907421875 0.16831944444444444
0 0.4939453125 0.29083333333333333 0.0889296875 0.18315277777777778
0 0.4843046875 0.44956944444444447 0.0748671875 0.13418055555555555
0 0.48326562500000003 0.6244722222222222 0.0936171875 0.17856944444444445
0 0.3823671875 0.4988194444444444 0.055874999999999994 0.12634722222222222
0 0.34796875 0.0255 0.055140625 0.04923611111111111
0 0.376375 0.9655138888888888 0.0699375 0.06898611111111111
0 0.3069765625 0.8415833333333335 0.037921875 0.13720833333333335
0 0.49359374999999994 0.9120138888888889 0.0635390625 0.154375
0 0.25027343750000003 0.5471805555555556 0.039554687500000005 0.11243055555555556