0 0.9208671875000001 0.12754166666666666 0.1379453125 0.2550972222222222
0 0.6441953125000001 0.08934722222222222 0.1261875 0.1787083333333333
0 0.49632812499999995 0.5991944444444445 0.1535859375 0.5400416666666666
0 0.6243984375 0.6310555555555556 0.1172265625 0.4270416666666667
0 0.8943359375 0.8208749999999999 0.14163281249999998 0.27747222222222223
0 0.042046875 0.8988055555555555 0.08409375 0.20240277777777776
0 0.10592968750000001 0.7649027777777778 0.061968749999999996 0.1592222222222222
0 0.1478671875 0.37386111111111114 0.11096874999999999 0.4129722222222222
0 0.240546875 0.0775138888888889 0.061453125 0.1550277777777778
0 0.0461875 0.06738888888888889 0.0923828125 0.13477777777777777
0 0.3618203125 0.8620972222222223 0.0458984375 0.07375
0 0.94246875 0.5449861111111111 0.057609375 0.07808333333333334
0 0.9784765625 0.682875 0.0430390625 0.2331527777777778
0 0.884890625 0.6515277777777778 0.05015625 0.06505555555555556
0 0.8238984374999999 0.34580555555555553 0.054515625 0.0906388888888889
0 0.8553750000000001 0.30752777777777773 0.0429140625 0.05826388888888889
0 0.7831875 0.3826111111111111 0.0304375 0.10465277777777778
0 0.41178125000000004 0.4091666666666667 0.0405859375 0.10487500000000001