0 0.7806354166666666 0.47544444444444445 0.15710416666666666 0.19532407407407407
0 0.85134375 0.7333148148148149 0.16761979166666666 0.35374074074074074
0 0.7669635416666666 0.9516203703703704 0.1323645833333333 0.09675925925925925
0 0.612953125 0.7689351851851852 0.13659374999999999 0.25472222222222224
0 0.28146354166666665 0.5326388888888889 0.05477604166666667 0.08934259259259258
0 0.026036458333333335 0.9083055555555556 0.05207291666666667 0.18337962962962964
0 0.05285416666666667 0.7298055555555556 0.08072395833333333 0.11733333333333333
0 0.140375 0.7244814814814815 0.038036458333333335 0.059166666666666666
0 0.06393750000000001 0.5882870370370371 0.062473958333333336 0.10318518518518519
0 0.23052604166666668 0.5279537037037038 0.049026041666666666 0.06382407407407407
0 0.31558854166666667 0.8519074074074073 0.09400520833333334 0.1331388888888889
0 0.2533958333333333 0.9646111111111111 0.05477083333333333 0.07078703703703704