0 0.046125 0.05156481481481481 0.09225520833333332 0.10312037037037038
0 0.22215104166666666 0.5223796296296296 0.19183333333333333 0.31339814814814815
0 0.09790625 0.8957777777777778 0.08715104166666668 0.15074074074074076
0 0.090734375 0.7128425925925926 0.08651041666666666 0.11619444444444443
0 0.5887656250000001 0.8959351851851852 0.16039583333333332 0.20812962962962964
0 0.9162395833333333 0.9425462962962964 0.12859375 0.1149074074074074
0 0.8167083333333333 0.8520555555555556 0.08758854166666666 0.1394074074074074
0 0.9538802083333333 0.7217685185185185 0.09223958333333333 0.14139814814814816
0 0.8140364583333334 0.7101759259259259 0.05259375 0.10678703703703704
0 0.6756666666666666 0.9444537037037037 0.066640625 0.11110185185185184
0 0.7864322916666667 0.20544444444444443 0.16345833333333332 0.3166759259259259
0 0.5481093749999999 0.17707407407407408 0.08572395833333334 0.11086111111111112
0 0.6293333333333333 0.24360185185185182 0.0838125 0.13636111111111113
0 0.5874895833333333 0.15574074074074074 0.049776041666666666 0.07479629629629629
0 0.9483333333333334 0.3757962962962963 0.06402604166666667 0.1305740740740741
0 0.7375208333333333 0.4336111111111111 0.06221354166666667 0.17010185185185187
0 0.97528125 0.6331388888888888 0.04943229166666666 0.10873148148148148
0 0.8378958333333333 0.6639537037037038 0.04863541666666667 0.1322962962962963
0 0.877171875 0.5774166666666667 0.052265624999999996 0.07719444444444445
0 0.9459791666666667 0.48498148148148146 0.05503645833333334 0.06736111111111111
0 0.97175 0.5667592592592593 0.05649479166666667 0.1015462962962963
0 0.20449479166666668 0.1000462962962963 0.09872395833333333 0.1393425925925926
0 0.07896354166666668 0.267037037037037 0.06510416666666667 0.10216666666666667
0 0.10796354166666666 0.043 0.05633333333333333 0.086
0 0.16189583333333332 0.10194444444444443 0.06008854166666667 0.11271296296296297
0 0.18319270833333334 0.018268518518518517 0.062010416666666665 0.03652777777777778
0 0.10924479166666666 0.41687962962962966 0.04040625 0.1062037037037037
0 0.15472395833333333 0.39938888888888885 0.043609375 0.08643518518518518
0 0.6595052083333334 0.7923333333333333 0.06642708333333333 0.17672222222222222
0 0.4673125 0.46123148148148146 0.052536458333333334 0.09810185185185186
0 0.693640625 0.21682407407407406 0.051229166666666666 0.11125925925925925
0 0.7407343750000001 0.5705925925925927 0.07719791666666667 0.08865740740740741
0 0.68315625 0.5498333333333334 0.048234375 0.07150925925925926
0 0.5633020833333333 0.6223055555555556 0.04311458333333333 0.07564814814814814
0 0.5172916666666667 0.5890092592592593 0.053187500000000006 0.14224074074074075
0 0.10036458333333333 0.17744444444444443 0.039421875 0.05684259259259259
0 0.2825 0.4107962962962963 0.06370833333333333 0.12447222222222223
0 0.3793489583333333 0.5673333333333334 0.061515625 0.10649074074074075
0 0.9913385416666666 0.4163148148148148 0.017328125000000003 0.10125925925925926
0 0.6028958333333333 0.6145092592592593 0.04096875 0.07907407407407407