0 0.10393749999999999 0.08587499999999999 0.091421875 0.17174999999999999
0 0.11834375 0.24708333333333332 0.08690624999999999 0.11785416666666666
0 0.6627500000000001 0.5307499999999999 0.192546875 0.23647916666666668
0 0.859421875 0.31929166666666664 0.12787500000000002 0.21416666666666667
0 0.86446875 0.9099583333333333 0.1155 0.18008333333333332
0 0.1360625 0.960875 0.10010937499999999 0.07825
0 0.3638125 0.8813541666666667 0.04984375 0.10897916666666667
0 0.439328125 0.9054166666666668 0.065453125 0.1015625
0 0.490890625 0.9306458333333333 0.071 0.11035416666666667
0 0.49157812500000003 0.6552708333333332 0.069609375 0.087375
0 0.15325 0.5506666666666666 0.10392187500000001 0.08189583333333333
0 0.16314062499999998 0.41318750000000004 0.087609375 0.14954166666666666
0 0.486546875 0.420375 0.117875 0.09445833333333334
0 0.711703125 0.2734583333333333 0.037703125 0.07437500000000001
0 0.8554375000000001 0.504875 0.10578125000000001 0.11154166666666666
0 0.22164062499999998 0.6532083333333334 0.04353125 0.11579166666666667
0 0.23326562499999998 0.5548541666666666 0.058453124999999995 0.06714583333333332
0 0.9342499999999999 0.6888541666666667 0.06621875 0.10933333333333332
0 0.45546875 0.5326041666666667 0.058499999999999996 0.09208333333333334
0 0.761 0.6492916666666667 0.0724375 0.17458333333333334
0 0.63584375 0.19499999999999998 0.06928125 0.06035416666666667
0 0.3294375 0.5187291666666667 0.04359375 0.06431250000000001
0 0.2436875 0.3018958333333333 0.045703125 0.11674999999999999
0 0.7368750000000001 0.45372916666666663 0.054718750000000003 0.07958333333333334
0 0.674203125 0.3861458333333333 0.045625 0.06302083333333333
0 0.38151562499999997 0.7556875000000001 0.046671875 0.07527083333333334