0 0.6063046875 0.09976388888888889 0.10791406249999999 0.19954166666666664
0 0.735078125 0.1577638888888889 0.074640625 0.12058333333333332
0 0.5823515625 0.25027777777777777 0.1066484375 0.15705555555555556
0 0.46504687499999997 0.4498333333333333 0.1823984375 0.3605
0 0.59290625 0.818513888888889 0.2548125 0.3629583333333333
0 0.18121875 0.8389861111111112 0.10007031250000001 0.20481944444444444
0 0.2931875 0.8345833333333333 0.119875 0.22843055555555555
0 0.37234375000000003 0.848 0.0969765625 0.25340277777777775
0 0.20764062499999997 0.6999166666666666 0.097046875 0.11649999999999999
0 0.7115078125000001 0.59675 0.0983359375 0.15463888888888888
0 0.874640625 0.9092638888888889 0.11073437500000001 0.1814861111111111
0 0.9005546875 0.6131805555555556 0.0848203125 0.15419444444444444
0 0.9452109375 0.5754583333333333 0.0658203125 0.12315277777777778
0 0.8693046875 0.74875 0.06398437500000001 0.10768055555555556
0 0.4751953125 0.9736111111111111 0.0826796875 0.05277777777777778
0 0.13903125 0.9620416666666666 0.0531953125 0.07593055555555556
0 0.9221718750000001 0.5152638888888889 0.0572265625 0.07126388888888889