0 0.170265625 0.8273958333333333 0.20184375000000002 0.265
0 0.22979687499999998 0.5002083333333334 0.13484374999999998 0.17541666666666667
0 0.075296875 0.17577083333333335 0.117453125 0.20245833333333335
0 0.23275 0.19960416666666667 0.076859375 0.106625
0 0.022343750000000002 0.3576875 0.044 0.07258333333333335
0 0.084671875 0.35372916666666665 0.10565625000000001 0.12783333333333333
0 0.434125 0.46739583333333334 0.11856249999999999 0.15872916666666667
0 0.585328125 0.637875 0.146015625 0.23316666666666666
0 0.2874375 0.596 0.116796875 0.16145833333333334
0 0.42648437499999997 0.7063958333333333 0.092171875 0.15908333333333333
0 0.887546875 0.8834166666666667 0.12162500000000001 0.21960416666666666
0 0.7047656250000001 0.6008541666666667 0.129359375 0.19616666666666666
0 0.604421875 0.366 0.06754687499999999 0.08108333333333334
0 0.530640625 0.3673958333333333 0.08835937499999999 0.10420833333333333
0 0.514328125 0.2831458333333333 0.09009375 0.12093749999999999
0 0.646953125 0.2799166666666667 0.10262500000000001 0.12370833333333334
0 0.687578125 0.19777083333333334 0.097765625 0.08441666666666667
0 0.90040625 0.3217916666666667 0.09571874999999999 0.11027083333333333
0 0.5339375000000001 0.8399166666666668 0.096 0.132625
0 0.707890625 0.852 0.1300625 0.15804166666666666
0 0.8866875000000001 0.7107916666666667 0.09884375 0.08733333333333333
0 0.42718749999999994 0.8674999999999999 0.09078125000000001 0.12241666666666666
0 0.366234375 0.7980625 0.07553125000000001 0.11310416666666666