0 0.284828125 0.45114583333333336 0.12546875 0.18839583333333335
0 0.7040625 0.9099583333333333 0.133109375 0.18008333333333332
0 0.068015625 0.473375 0.0973125 0.12172916666666667
0 0.0189375 0.21433333333333332 0.037890625 0.060437500000000005
0 0.112203125 0.3175625 0.060828125 0.09379166666666668
0 0.973984375 0.09177083333333333 0.052031249999999994 0.08125
0 0.912734375 0.05435416666666667 0.020546875 0.065375
0 0.95903125 0.034499999999999996 0.0620625 0.06899999999999999
0 0.676265625 0.20479166666666665 0.0749375 0.08222916666666666
0 0.763109375 0.4723125 0.096578125 0.13439583333333335
0 0.344015625 0.3626875 0.08665625 0.10729166666666666
0 0.3036875 0.31345833333333334 0.085984375 0.078125
0 0.21807812499999998 0.48374999999999996 0.0765 0.12047916666666666
0 0.509140625 0.464625 0.078046875 0.1033125
0 0.828515625 0.45206250000000003 0.0345625 0.0563125
0 0.8179375 0.8620833333333333 0.12215625000000001 0.22352083333333334
0 0.58775 0.9217291666666667 0.053890625000000004 0.07291666666666667
0 0.16946875 0.7521458333333333 0.078921875 0.12308333333333334
0 0.142390625 0.8379375 0.097828125 0.11220833333333333
0 0.282734375 0.8633958333333334 0.11292187499999999 0.1305
0 0.06475 0.5449166666666667 0.060843749999999995 0.040875
0 0.065625 0.5969166666666667 0.07303125 0.07766666666666668
0 0.31171875 0.6112708333333334 0.09 0.1286875
0 0.8489218749999999 0.8068333333333333 0.095 0.15352083333333333
0 0.929265625 0.8132291666666667 0.06475 0.08564583333333334
0 0.894140625 0.9836875 0.0475 0.032625
0 0.670375 0.54625 0.056406250000000005 0.08841666666666666
0 0.226875 0.765 0.050640624999999995 0.0911875
0 0.39835937499999996 0.8396875 0.06321875 0.1276875
0 0.45229687500000004 0.8244791666666667 0.031296875 0.05377083333333333
0 0.8440156249999999 0.5527291666666667 0.073328125 0.04210416666666667
0 0.90853125 0.5925208333333334 0.097046875 0.07489583333333334
0 0.965359375 0.6386041666666666 0.06928125 0.09408333333333332
0 0.921 0.5410416666666666 0.0363125 0.05883333333333333
0 0.88578125 0.5183541666666667 0.031906250000000004 0.0359375
0 0.5446875 0.6071458333333334 0.078546875 0.0784375
0 0.626125 0.9206041666666667 0.02640625 0.06160416666666667
0 0.478203125 0.5564166666666667 0.037609375 0.03185416666666666
0 0.542578125 0.5437083333333333 0.037296875 0.036458333333333336
0 0.511125 0.7770625 0.024703125 0.028833333333333332
0 0.5344218749999999 0.6955208333333334 0.034687499999999996 0.0885
0 0.6126875 0.6190625 0.049093750000000005 0.0500625
0 0.462765625 0.7391875 0.03790625 0.0576875
0 0.062171875 0.6675208333333333 0.094140625 0.07470833333333333
0 0.76778125 0.724 0.05996875 0.05320833333333333
0 0.43782812499999996 0.9190416666666666 0.063453125 0.11491666666666665
0 0.511109375 0.532125 0.041046875 0.038
0 0.47434374999999995 0.514625 0.029921874999999997 0.03729166666666666
0 0.8803906250000001 0.47258333333333336 0.042312499999999996 0.057125
0 0.8520625000000001 0.45925 0.017515625 0.043875
0 0.863984375 0.4233541666666667 0.034296875 0.03972916666666667
0 0.8850625000000001 0.4294791666666667 0.019828125 0.0285625
0 0.967625 0.5275624999999999 0.06476562500000001 0.1068125
0 0.06689062500000001 0.8182083333333333 0.0391875 0.060625000000000005