0 0.43600781250000004 0.10593055555555556 0.048570312500000004 0.11315277777777778
0 0.835328125 0.097625 0.058125 0.124875
0 0.776859375 0.1441111111111111 0.0401015625 0.07752777777777778
0 0.9245703125 0.2568333333333333 0.082984375 0.1260138888888889
0 0.7093984375 0.17434722222222224 0.0448046875 0.07545833333333334
0 0.6661953125 0.2733055555555556 0.044625 0.09288888888888888
0 0.74821875 0.30430555555555555 0.08753125 0.15863888888888888
0 0.838859375 0.2593888888888889 0.07375781249999999 0.09462499999999999
0 0.8708828125 0.5010972222222223 0.1378046875 0.32619444444444445
0 0.904859375 0.8191111111111111 0.1256875 0.29425
0 0.5760625 0.4980416666666666 0.08199218750000001 0.20693055555555556
0 0.48778125 0.7729999999999999 0.0696875 0.14727777777777779
0 0.14296875 0.19645833333333332 0.09253125 0.19143055555555558
0 0.3944765625 0.19266666666666665 0.0984375 0.2212361111111111
0 0.31553125 0.23554166666666668 0.040734375 0.058916666666666666
0 0.2693359375 0.31525 0.076296875 0.11144444444444444
0 0.2873046875 0.4773055555555556 0.0828203125 0.20684722222222224
0 0.1478984375 0.6513055555555556 0.061328125 0.14845833333333333
0 0.7212109375 0.7529861111111111 0.067078125 0.14827777777777779
0 0.09359375 0.5845833333333333 0.04178125 0.09345833333333334
0 0.3556953125 0.7708888888888888 0.0791796875 0.12381944444444445
0 0.39134375 0.44784722222222223 0.055304687500000005 0.12679166666666666
0 0.5472812499999999 0.9301944444444444 0.0504375 0.10680555555555557
0 0.3285546875 0.9196805555555555 0.06982812499999999 0.16065277777777778
0 0.21785937500000002 0.43720833333333337 0.0391015625 0.10529166666666667
0 0.23670312500000001 0.6311805555555555 0.051640624999999996 0.15681944444444443
0 0.28671875 0.7066666666666667 0.0336484375 0.1515
0 0.18950781249999998 0.7046805555555555 0.07085156249999999 0.10755555555555556
0 0.13984375 0.4432777777777778 0.0310859375 0.10052777777777777
0 0.193640625 0.5524861111111111 0.045890625000000004 0.12154166666666667
0 0.778828125 0.5118888888888888 0.07075000000000001 0.10565277777777776
0 0.19816406250000002 0.04323611111111111 0.0384375 0.0661111111111111
0 0.12150000000000001 0.328 0.1075390625 0.11690277777777779