0 0.0508828125 0.12073611111111113 0.06021093749999999 0.08354166666666667
0 0.0527109375 0.4490694444444444 0.093015625 0.15183333333333332
0 0.1208046875 0.4187638888888889 0.047984375 0.10511111111111113
0 0.20595312500000001 0.158875 0.070390625 0.13627777777777778
0 0.4039765625 0.06388888888888888 0.06889062500000001 0.12777777777777777
0 0.279515625 0.4715138888888889 0.071703125 0.09952777777777777
0 0.27652343749999997 0.6303055555555556 0.11153906250000001 0.14772222222222223
0 0.21389062499999997 0.7795138888888888 0.0678828125 0.18309722222222224
0 0.27131249999999996 0.7568472222222221 0.0386328125 0.1099861111111111
0 0.42234375 0.9412083333333333 0.1011484375 0.11759722222222223
0 0.481453125 0.6349305555555556 0.0610625 0.11995833333333333
0 0.5697265625 0.8123888888888888 0.0668046875 0.10995833333333334
0 0.7212734375000001 0.7788194444444444 0.0866171875 0.17708333333333334
0 0.9440312499999999 0.9655138888888888 0.10109375000000001 0.06898611111111111
0 0.9838515624999999 0.6737638888888889 0.0322890625 0.14290277777777777
0 0.9230703124999999 0.6304861111111111 0.0930234375 0.18134722222222222
0 0.6936718749999999 0.599486111111111 0.06890625 0.165625
0 0.803296875 0.4159861111111111 0.0631953125 0.11806944444444445
0 0.925421875 0.20747222222222222 0.094984375 0.1686527777777778
0 0.8025078125 0.24888888888888888 0.11751562499999998 0.20055555555555557
0 0.5735 0.24934722222222222 0.06185937500000001 0.2107361111111111
0 0.677265625 0.18156944444444442 0.0652578125 0.09831944444444446
0 0.9005546875 0.10176388888888889 0.084828125 0.11222222222222222
0 0.7197109375 0.07975 0.0376640625 0.0798611111111111