0 0.1317421875 0.09976388888888889 0.161515625 0.19954166666666664
0 0.3431875 0.4142638888888889 0.22821093750000002 0.7187083333333334
0 0.551359375 0.103625 0.07615625000000001 0.18256944444444442
0 0.1612890625 0.45790277777777777 0.1085078125 0.15455555555555556
0 0.24591406249999997 0.3183333333333333 0.0433984375 0.08018055555555555
0 0.18459375 0.3590555555555555 0.0743984375 0.14309722222222224
0 0.0841171875 0.9087916666666668 0.1682265625 0.1824027777777778
0 0.4466796875 0.9157361111111112 0.116796875 0.16851388888888888
0 0.5410781250000001 0.7855277777777778 0.10325 0.24141666666666667
0 0.614515625 0.9053194444444445 0.1230546875 0.18934722222222225
0 0.3517734375 0.7788333333333333 0.049578125 0.12154166666666667
0 0.4383515625 0.6441527777777778 0.0456875 0.08368055555555555
0 0.1519140625 0.5955833333333334 0.07934375 0.11530555555555555
0 0.01640625 0.5476805555555555 0.0328125 0.08611111111111111
0 0.3180546875 0.9307916666666666 0.057125 0.13843055555555556
0 0.23446093750000002 0.9155972222222223 0.0524296875 0.10341666666666666