0 0.051390625 0.5864999999999999 0.10278125 0.2693125
0 0.55440625 0.4640833333333333 0.243546875 0.325375
0 0.9463593749999999 0.15685416666666668 0.107296875 0.215
0 0.47196875 0.34585416666666663 0.11925 0.139875
0 0.368671875 0.460875 0.06542187499999999 0.12452083333333334
0 0.923390625 0.4181666666666667 0.13271875 0.13787500000000003
0 0.024515625 0.3346041666666667 0.049015625 0.10660416666666667
0 0.47837500000000005 0.6405833333333334 0.0973125 0.11712499999999999
0 0.7175312500000001 0.6256458333333333 0.1530625 0.20679166666666668
0 0.77696875 0.32304166666666667 0.062703125 0.10522916666666667
0 0.7897031250000001 0.4014166666666667 0.0678125 0.08441666666666667
0 0.730265625 0.3576875 0.0399375 0.07127083333333334