0 0.04895833333333333 0.19633333333333333 0.09791666666666667 0.3500833333333333
0 0.276390625 0.1651203703703704 0.11961458333333333 0.2089351851851852
0 0.401640625 0.14497222222222222 0.165984375 0.28994444444444445
0 0.2793802083333333 0.03958333333333333 0.0839375 0.07916666666666666
0 0.15673958333333332 0.43447222222222226 0.11152083333333333 0.2661574074074074
0 0.06480729166666667 0.47799074074074077 0.12649479166666666 0.18652777777777776
0 0.21558854166666666 0.5233425925925926 0.09798958333333332 0.18464814814814814
0 0.24801041666666668 0.8493981481481482 0.15033854166666666 0.22100925925925927
0 0.257640625 0.699462962962963 0.06336458333333334 0.10632407407407407
0 0.08122395833333333 0.9608796296296296 0.10630208333333332 0.07824074074074074
0 0.20634375 0.9527777777777777 0.1295 0.09444444444444444
0 0.009895833333333333 0.8306481481481481 0.019791666666666666 0.20667592592592593
0 0.06768229166666666 0.8676944444444444 0.08130208333333333 0.11408333333333333
0 0.3759895833333333 0.39375925925925925 0.0584375 0.14770370370370373
0 0.32234375 0.46185185185185185 0.089484375 0.15889814814814815
0 0.705 0.1514537037037037 0.09572916666666667 0.30289814814814814
0 0.6453645833333332 0.10566666666666667 0.029791666666666668 0.09465740740740741
0 0.8858437499999999 0.011805555555555555 0.038734375 0.02361111111111111
0 0.5369166666666667 0.40066666666666667 0.15325 0.3559722222222222
0 0.6134687499999999 0.47242592592592597 0.08347395833333333 0.23096296296296295
0 0.6620364583333332 0.396537037037037 0.082703125 0.15325925925925926
0 0.6744010416666666 0.5802685185185186 0.086609375 0.2151574074074074
0 0.5650364583333333 0.5358518518518519 0.04492708333333333 0.08930555555555555
0 0.4573541666666667 0.5520370370370371 0.12252083333333334 0.16797222222222222
0 0.4776770833333333 0.7667685185185186 0.14933333333333335 0.2826203703703704
0 0.8456145833333333 0.3606574074074074 0.13741666666666666 0.22501851851851853
0 0.8910520833333333 0.467787037037037 0.14289062500000002 0.27725
0 0.7585104166666666 0.5756574074074075 0.0694375 0.09483333333333334
0 0.86709375 0.661037037037037 0.09705729166666667 0.1313425925925926
0 0.9393541666666666 0.5460277777777778 0.05410416666666666 0.12817592592592594
0 0.9220364583333333 0.7510648148148148 0.054885416666666666 0.10305555555555555
0 0.8625364583333333 0.7948055555555555 0.05669791666666667 0.09330555555555556
0 0.79253125 0.8328425925925926 0.07368749999999999 0.12049999999999998
0 0.7799947916666666 0.7475925925925926 0.07074479166666667 0.12850925925925924
0 0.843140625 0.9377314814814814 0.12413541666666666 0.12453703703703704
0 0.69484375 0.8586666666666667 0.07958333333333334 0.12844444444444444
0 0.679609375 0.742037037037037 0.044947916666666664 0.1174074074074074
0 0.5067083333333333 0.9213796296296296 0.07825 0.09184259259259259
0 0.29569791666666667 0.5895925925925926 0.06319270833333333 0.08584259259259258
0 0.3459010416666667 0.6854814814814816 0.05861458333333334 0.12206481481481482
0 0.3861041666666667 0.731212962962963 0.04070833333333333 0.08390740740740742
0 0.8647135416666667 0.7288055555555556 0.048078125 0.06798148148148149
0 0.6199375 0.8965277777777778 0.05011979166666667 0.08491666666666665
0 0.9869895833333333 0.7341574074074074 0.026015625 0.13427777777777777