0 0.77621875 0.7065625 0.4475625 0.5325833333333333
0 0.9031874999999999 0.3796875 0.062390625 0.09804166666666667
0 0.16765625 0.6585416666666667 0.16885937499999998 0.230125
0 0.478734375 0.641375 0.07446875 0.11514583333333334
0 0.25809375 0.8290833333333333 0.1025625 0.09739583333333333
0 0.46240625 0.5242916666666667 0.0665 0.09393750000000001
0 0.31225 0.7517916666666667 0.047421875 0.07606249999999999
0 0.339515625 0.6899791666666667 0.068203125 0.1105
0 0.110359375 0.8628750000000001 0.057046875 0.09464583333333333
0 0.0369375 0.4745625 0.06571875 0.08420833333333334
0 0.053421874999999994 0.20772916666666666 0.057046875 0.057666666666666665
0 0.124953125 0.18389583333333331 0.052890625000000004 0.0729375
0 0.55059375 0.8089583333333333 0.048421874999999996 0.10525000000000001
0 0.165734375 0.8889791666666667 0.065046875 0.08260416666666666
0 0.58240625 0.9775625 0.068203125 0.044875
0 0.266953125 0.3708958333333333 0.051390625 0.063625