0 0.1134140625 0.7224583333333333 0.22682031249999998 0.5550972222222222
0 0.2061953125 0.3201111111111111 0.299890625 0.5281944444444444
0 0.8478515625 0.04884722222222222 0.09764843749999999 0.09768055555555555
0 0.3625859375 0.14375 0.2024375 0.2875
0 0.8656640624999999 0.25866666666666666 0.091203125 0.15952777777777777
0 0.9205625 0.38793055555555556 0.0772109375 0.12322222222222222
0 0.43796093750000004 0.5185555555555555 0.0550859375 0.07956944444444444
0 0.6809375 0.45055555555555554 0.07160156250000001 0.15795833333333334
0 0.5852421875 0.2939722222222222 0.04378125 0.07418055555555556
0 0.61240625 0.3470277777777778 0.0552890625 0.08873611111111111
0 0.5368593749999999 0.6058888888888889 0.04509375 0.08345833333333334
0 0.6064765624999999 0.7924305555555555 0.0580703125 0.14650000000000002
0 0.7817421875 0.5834305555555556 0.045140625000000004 0.08931944444444445
0 0.9604843750000001 0.6457777777777778 0.059843749999999994 0.10691666666666667
0 0.562296875 0.5130138888888889 0.0366640625 0.05605555555555555
0 0.39296875 0.9571666666666666 0.0665234375 0.08566666666666667
0 0.5949765625000001 0.6515555555555556 0.0316640625 0.10748611111111112
0 0.544484375 0.5378611111111111 0.038390625 0.06097222222222222
0 0.86346875 0.7522638888888888 0.0585390625 0.11583333333333334
0 0.98590625 0.7262222222222222 0.028187499999999997 0.04188888888888889