0 0.5255729166666667 0.5 0.3006197916666667 1
0 0.09580729166666666 0.8972222222222223 0.16046875000000002 0.20555555555555555
0 0.24527083333333335 0.9423611111111111 0.07404166666666666 0.11527777777777778
0 0.7566822916666667 0.7793425925925926 0.09877604166666668 0.2015
0 0.6865052083333333 0.8001666666666666 0.05998958333333334 0.16912037037037037
0 0.8268802083333333 0.1275462962962963 0.16707291666666665 0.2550925925925926
0 0.14840625 0.6430462962962963 0.07610937499999999 0.24723148148148147
0 0.9654375000000001 0.7436388888888888 0.06911979166666667 0.21783333333333332
0 0.9588802083333333 0.975925925925926 0.052656249999999995 0.04814814814814815
0 0.912921875 0.9343425925925927 0.03625520833333333 0.08072222222222222
0 0.8730781249999999 0.8748703703703704 0.024286458333333334 0.09603703703703703