0 0.04309895833333333 0.21123148148148146 0.08619791666666667 0.17569444444444443
0 0.06263020833333334 0.4120925925925926 0.12526041666666668 0.1628611111111111
0 0.06416666666666666 0.5768611111111112 0.11176562500000001 0.20368518518518516
0 0.19488541666666667 0.644888888888889 0.06908333333333333 0.15097222222222223
0 0.0125 0.329 0.025 0.07440740740740741
0 0.5177760416666667 0.4946296296296297 0.12121875 0.29388888888888887
0 0.7431458333333333 0.09203703703703704 0.06370833333333333 0.10387962962962963
0 0.931015625 0.05810185185185185 0.08546875 0.1162037037037037
0 0.9897135416666667 0.08648148148148149 0.020572916666666666 0.09647222222222222
0 0.7698385416666667 0.26004629629629633 0.05459895833333333 0.0919537037037037
0 0.8051197916666666 0.4893240740740741 0.07517187500000001 0.18605555555555556
0 0.8812864583333333 0.46364814814814814 0.04003125 0.11156481481481481
0 0.975390625 0.4742962962962963 0.04921875 0.10507407407407408
0 0.9721354166666667 0.6332685185185185 0.05572916666666667 0.13136111111111112
0 0.8776302083333333 0.824388888888889 0.19223958333333335 0.3191481481481482
0 0.7526458333333333 0.7387962962962963 0.06727083333333334 0.13869444444444443
0 0.6457552083333333 0.9442870370370371 0.064421875 0.10525
0 0.987109375 0.8658333333333333 0.02578125 0.16592592592592592
0 0.9415677083333333 0.9793981481481482 0.07311458333333333 0.0412037037037037
0 0.7622812499999999 0.9008148148148148 0.07091666666666667 0.09281481481481481
0 0.47754166666666664 0.7045833333333333 0.053244791666666666 0.13341666666666668