0 0.1945 0.46108333333333335 0.1453828125 0.28697222222222224
0 0.37391406250000003 0.6235138888888889 0.2292578125 0.41738888888888886
0 0.5254531250000001 0.7572916666666667 0.082421875 0.2682777777777778
0 0.504234375 0.7223611111111111 0.0858046875 0.17526388888888889
0 0.29396093749999996 0.4169027777777778 0.050609375 0.11991666666666667
0 0.48575 0.087375 0.096734375 0.12752777777777777
0 0.7676171875 0.06736111111111111 0.110234375 0.13472222222222222
0 0.917609375 0.03148611111111111 0.05853125 0.06295833333333332
0 0.9225625000000001 0.488875 0.074671875 0.10183333333333332
0 0.9405234374999999 0.3511944444444445 0.06478125 0.08108333333333334
0 0.8547265625 0.4041666666666667 0.061906249999999996 0.1453888888888889
0 0.5514921875 0.43912500000000004 0.040757812500000004 0.09029166666666667
0 0.7645 0.9516249999999999 0.062671875 0.09676388888888889
0 0.00859375 0.8329722222222222 0.0171875 0.14650000000000002
0 0.874125 0.6999166666666666 0.06737499999999999 0.098
0 0.9327109374999999 0.7686388888888889 0.038742187500000004 0.13822222222222222
0 0.8273828125 0.14895833333333333 0.0384609375 0.073375
0 0.59940625 0.8207500000000001 0.0386875 0.07702777777777778