0 0.41937499999999994 0.8775416666666668 0.172375 0.24491666666666667
0 0.153578125 0.9550833333333333 0.070359375 0.0898125
0 0.213484375 0.8925833333333333 0.06331250000000001 0.2148125
0 0.49990625 0.076625 0.12759375 0.15325
0 0.55615625 0.07604166666666666 0.065453125 0.09097916666666667
0 0.253578125 0.1373541666666667 0.06296874999999999 0.11639583333333332
0 0.329265625 0.13368750000000001 0.046718749999999996 0.11316666666666667
0 0.374234375 0.0758125 0.10985937500000001 0.11364583333333332
0 0.19854687499999998 0.07075000000000001 0.05265625 0.12793749999999998
0 0.015796875 0.34612499999999996 0.03159375 0.10495833333333333
0 0.083796875 0.3342916666666667 0.07614062499999999 0.10747916666666667
0 0.17703125 0.42291666666666666 0.087609375 0.14120833333333332
0 0.26521875 0.30075 0.07790625 0.08204166666666667
0 0.317296875 0.40579166666666666 0.084859375 0.15325
0 0.4535625 0.3680833333333334 0.14910937500000002 0.14725000000000002
0 0.691390625 0.30675 0.12484375 0.15887500000000002
0 0.8606562500000001 0.39658333333333334 0.060640625000000004 0.12443749999999999
0 0.90265625 0.29633333333333334 0.07196875 0.10564583333333334
0 0.9741875 0.24264583333333334 0.051640624999999996 0.109375
0 0.5245625 0.46549999999999997 0.121703125 0.17079166666666667
0 0.17234375 0.6175416666666667 0.0726875 0.081375
0 0.113140625 0.5522916666666667 0.062390625 0.08975
0 0.23275 0.5296041666666667 0.076859375 0.10920833333333334
0 0.35721875000000003 0.6339791666666666 0.039734375 0.08183333333333334
0 0.020140625000000002 0.5969374999999999 0.040281250000000005 0.08185416666666666
0 0.42560937499999996 0.644625 0.048765625 0.07535416666666667
0 0.369546875 0.43724999999999997 0.10882812500000001 0.19766666666666666
0 0.2499375 0.7922499999999999 0.108453125 0.139125