0 0.47403125 0.2785972222222222 0.1878671875 0.3511388888888889
0 0.167546875 0.4051388888888889 0.0664765625 0.11194444444444443
0 0.0404921875 0.30679166666666663 0.0809921875 0.11881944444444444
0 0.0443984375 0.5824166666666666 0.0888046875 0.248125
0 0.1071328125 0.6177638888888889 0.0518828125 0.1512638888888889
0 0.0971328125 0.7881388888888889 0.19427343749999998 0.21169444444444444
0 0.041125 0.4666944444444444 0.071921875 0.07218055555555555
0 0.2698828125 0.8300277777777778 0.1482578125 0.24365277777777777
0 0.121203125 0.9105416666666667 0.232078125 0.17890277777777777
0 0.265578125 0.4812638888888889 0.039671875 0.056916666666666664
0 0.43483593750000005 0.5280138888888889 0.0553203125 0.10230555555555555
0 0.3336796875 0.6645555555555556 0.08837500000000001 0.13477777777777777
0 0.3620546875 0.553236111111111 0.0472421875 0.07501388888888888
0 0.455546875 0.7934722222222221 0.1363125 0.25195833333333334
0 0.5083984375 0.9401527777777777 0.08788281249999999 0.11968055555555555
0 0.8854453124999999 0.1994166666666667 0.072453125 0.07433333333333333
0 0.8883125 0.14756944444444445 0.0625625 0.06688888888888889
0 0.9164375 0.31119444444444444 0.0791015625 0.14243055555555556
0 0.761625 0.3072638888888889 0.0826328125 0.16418055555555555
0 0.7764765625 0.3961111111111111 0.034195312500000005 0.07908333333333332
0 0.822828125 0.35700000000000004 0.06059375 0.07859722222222222
0 0.7711406249999999 0.6888611111111111 0.11969531250000001 0.23893055555555556
0 0.776859375 0.5603888888888889 0.06882812499999999 0.07355555555555555
0 0.8131953125000001 0.48494444444444446 0.0538203125 0.08008333333333333
0 0.6346796875 0.8276249999999999 0.15946875 0.3163611111111111
0 0.651875 0.6339722222222222 0.05842968750000001 0.06331944444444446
0 0.696140625 0.5944305555555556 0.05321875 0.07595833333333334
0 0.577140625 0.40070833333333333 0.04959375 0.11530555555555555
0 0.62753125 0.35120833333333334 0.0345234375 0.06701388888888889
0 0.6398984375000001 0.42363888888888884 0.028015625 0.056416666666666664
0 0.8087578125 0.9724583333333333 0.057109375 0.05509722222222223
0 0.397984375 0.9840277777777777 0.045453125 0.03194444444444444