0 0.088671875 0.2593888888888889 0.17734375 0.3386388888888889
0 0.13772916666666665 0.05694444444444444 0.13391145833333334 0.11388888888888889
0 0.232125 0.26325 0.12481770833333333 0.12742592592592594
0 0.216109375 0.40630555555555553 0.12819791666666666 0.18830555555555556
0 0.033984375 0.07314814814814814 0.06796875 0.14629629629629629
0 0.3882291666666667 0.5189444444444444 0.09125 0.20825925925925926
0 0.46999479166666663 0.63325 0.14646875 0.24243518518518517
0 0.5744114583333333 0.27255555555555555 0.14075520833333333 0.2243240740740741
0 0.753828125 0.5538518518518518 0.22463541666666667 0.4308518518518518
0 0.745734375 0.8844907407407407 0.2748072916666667 0.2310185185185185
0 0.5056666666666667 0.9516203703703704 0.10116666666666667 0.09675925925925925
0 0.5061875 0.950462962962963 0.100125 0.09907407407407408
0 0.3598385416666667 0.7189537037037037 0.09676041666666667 0.24358333333333332
0 0.4413489583333333 0.8899537037037036 0.09959375 0.15621296296296297
0 0.4296302083333333 0.7726203703703703 0.055322916666666666 0.11772222222222223
0 0.5719375 0.6981018518518519 0.06497916666666667 0.12786111111111112
0 0.14476041666666667 0.7774351851851852 0.09381250000000001 0.16505555555555554
0 0.015755208333333333 0.8334444444444444 0.031510416666666666 0.11966666666666667
0 0.029531250000000002 0.7249166666666667 0.050828125 0.11093518518518519
0 0.10169270833333334 0.9284722222222223 0.20338541666666668 0.14305555555555555
0 0.6240104166666666 0.8577314814814815 0.08707812499999999 0.1636111111111111
0 0.5843020833333333 0.9435185185185185 0.0456875 0.11296296296296296
0 0.5189479166666666 0.8959537037037038 0.058984375 0.07938888888888888