0 0.6853385416666666 0.1156574074074074 0.095984375 0.17701851851851852
0 0.6391249999999999 0.5325925925925926 0.19102083333333333 0.25869444444444445
0 0.3938333333333333 0.7826388888888889 0.24410416666666668 0.43472222222222223
0 0.33263541666666663 0.2560555555555556 0.132125 0.25655555555555554
0 0.20881770833333332 0.3179166666666667 0.10111458333333333 0.20769444444444446
0 0.168328125 0.7295 0.15344791666666666 0.36085185185185187
0 0.2879791666666666 0.5268148148148148 0.119875 0.19622222222222221
0 0.15153125 0.49003703703703705 0.10110416666666668 0.09950925925925926
0 0.08225520833333334 0.550425925925926 0.083265625 0.12307407407407406
0 0.06561979166666666 0.30865740740740744 0.13123958333333333 0.2262037037037037
0 0.16089583333333335 0.15401851851851853 0.11554166666666667 0.13119444444444445
0 0.39057291666666666 0.11935185185185186 0.08135416666666666 0.11408333333333333
0 0.5103541666666667 0.19080555555555556 0.09179166666666667 0.1723611111111111
0 0.8311614583333333 0.6279444444444444 0.07517708333333334 0.13460185185185186
0 0.7530364583333333 0.6157314814814815 0.09148958333333333 0.16298148148148148
0 0.8874010416666667 0.3287685185185185 0.03730208333333333 0.07024074074074074
0 0.6363802083333333 0.028009259259259258 0.06651041666666667 0.056018518518518516
0 0.926328125 0.22366666666666668 0.044848958333333334 0.21028703703703705
0 0.73325 0.7769814814814815 0.05225 0.09933333333333333
0 0.525453125 0.4923518518518519 0.03423958333333333 0.06896296296296296
0 0.3629739583333333 0.641824074074074 0.126140625 0.18087037037037038
0 0.2572447916666667 0.6857962962962962 0.06865625 0.14845370370370373
0 0.6965364583333333 0.3535277777777778 0.047552083333333335 0.09015740740740741