0 0.446484375 0.18608333333333332 0.114671875 0.15652083333333333
0 0.2819375 0.35122916666666665 0.110515625 0.12256249999999999
0 0.332921875 0.6186875000000001 0.17165625 0.20866666666666667
0 0.3186875 0.47825 0.0681875 0.07681249999999999
0 0.051390625 0.9435208333333333 0.10278125 0.11295833333333333
0 0.309484375 0.929625 0.180328125 0.14075000000000001
0 0.501140625 0.9273125 0.116484375 0.145375
0 0.9411406250000001 0.729125 0.11770312499999999 0.14916666666666664
0 0.8625624999999999 0.86125 0.1505625 0.084
0 0.6482187500000001 0.8738541666666666 0.09664062500000001 0.09810416666666667
0 0.777515625 0.7517291666666667 0.1123125 0.08335416666666666
0 0.9760624999999999 0.43312500000000004 0.047859374999999996 0.1159375
0 0.65384375 0.6474166666666666 0.09928125 0.10422916666666666
0 0.6287499999999999 0.7210208333333333 0.096125 0.0850625
0 0.501046875 0.5940208333333333 0.055781250000000004 0.1020625
0 0.957203125 0.5510416666666667 0.07926562499999999 0.06866666666666667
0 0.982 0.27739583333333334 0.035984375 0.11545833333333334