0 0.36242968750000004 0.25254166666666666 0.33111718749999997 0.5050972222222222
0 0.130953125 0.06241666666666666 0.043296875 0.07054166666666667
0 0.162328125 0.11540277777777778 0.058515625 0.08029166666666666
0 0.0902109375 0.3084166666666667 0.11177343749999999 0.1294722222222222
0 0.34565625 0.5886527777777778 0.06442187499999999 0.11993055555555555
0 0.36453125000000003 0.9574027777777778 0.1126015625 0.08518055555555555
0 0.21623437499999998 0.8984722222222222 0.06804687499999999 0.11545833333333333
0 0.11871875000000001 0.821875 0.0729765625 0.10579166666666667
0 0.6402890625000001 0.862125 0.0975390625 0.19554166666666667
0 0.681171875 0.9516249999999999 0.09390625 0.09676388888888889
0 0.7733515625 0.7529166666666667 0.065796875 0.10675
0 0.7014765625 0.7959583333333333 0.071703125 0.1280138888888889
0 0.8850625000000001 0.9024027777777778 0.0455 0.10018055555555555
0 0.6486171875 0.18252777777777776 0.044109375 0.10347222222222222
0 0.6826015625 0.1408611111111111 0.036351562500000004 0.07568055555555556
0 0.7499140625 0.4298888888888889 0.03975 0.07631944444444445
0 0.8213984375000001 0.40119444444444446 0.045234375 0.07815277777777778
0 0.5078828125 0.8302361111111111 0.0576796875 0.08119444444444444
0 0.53196875 0.7892777777777777 0.0641953125 0.08441666666666667
0 0.4541015625 0.8005972222222222 0.045703125 0.06322222222222222
0 0.45424218749999995 0.7108194444444444 0.0712109375 0.07927777777777778
0 0.2371953125 0.9631944444444445 0.0599765625 0.07361111111111111
0 0.37234375000000003 0.6539027777777778 0.0657265625 0.10977777777777778
0 0.0385390625 0.6259027777777777 0.0770859375 0.12411111111111112
0 0.566078125 0.5696388888888889 0.04284375 0.11056944444444444