0 0.14163281249999998 0.26148611111111114 0.079234375 0.12076388888888889
0 0.0352890625 0.4354166666666667 0.0705703125 0.13841666666666666
0 0.2529765625 0.5282916666666667 0.056125 0.08806944444444444
0 0.6902890625 0.19729166666666667 0.12254687500000001 0.14829166666666665
0 0.7518671875 0.12209722222222222 0.054070312499999995 0.07659722222222222
0 0.866046875 0.2951666666666667 0.1300078125 0.25606944444444446
0 0.9734375 0.199625 0.053125 0.051097222222222224
0 0.9578125 0.4465138888888889 0.084375 0.23468055555555556
0 0.8711249999999999 0.7253472222222223 0.142765625 0.30625
0 0.033984375 0.79275 0.06796875 0.12838888888888889
0 0.0404921875 0.943513888888889 0.080984375 0.11295833333333333
0 0.287453125 0.7510555555555556 0.048007812500000004 0.15859722222222222
0 0.5328515625 0.843625 0.04921875 0.14033333333333334
0 0.42088281250000004 0.9507777777777777 0.040523437499999995 0.09845833333333333
0 0.21204687500000002 0.8757222222222222 0.045 0.08106944444444444
0 0.17082031250000002 0.837763888888889 0.045859375 0.11009722222222222
0 0.4158515625 0.6009583333333334 0.0610078125 0.10252777777777777
0 0.56340625 0.6330555555555556 0.032710937499999995 0.05561111111111111
0 0.6031640625 0.8066249999999999 0.0301328125 0.06945833333333333
0 0.5148906249999999 0.7253055555555556 0.03828125 0.06111111111111111
0 0.7587890625 0.7123472222222222 0.036328125 0.09691666666666666
0 0.634671875 0.4467638888888889 0.05565625 0.07809722222222222
0 0.5062890624999999 0.4239305555555556 0.026125 0.04479166666666667