0 0.0209609375 0.11773611111111111 0.0419296875 0.17748611111111112
0 0.1520546875 0.3169166666666667 0.1313125 0.2532777777777778
0 0.0098984375 0.41458333333333336 0.0197890625 0.12455555555555556
0 0.07405468750000001 0.34655555555555556 0.0434296875 0.1643888888888889
0 0.165328125 0.4953472222222222 0.0787109375 0.11477777777777778
0 0.238765625 0.6809027777777777 0.129765625 0.3655138888888889
0 0.4084140625 0.5200972222222222 0.14203125 0.26148611111111114
0 0.4716875 0.6503749999999999 0.1248515625 0.24890277777777778
0 0.5214218749999999 0.5011388888888889 0.1035078125 0.15875
0 0.5345703125 0.17074999999999999 0.1110625 0.2798055555555556
0 0.6947109375 0.07777777777777778 0.0772421875 0.15555555555555556
0 0.7592890625 0.03031944444444444 0.05225 0.06065277777777778
0 0.9272109374999999 0.045375000000000006 0.14557031250000002 0.09073611111111111
0 0.9278984375 0.22527777777777777 0.0561875 0.21815277777777778
0 0.8743828125 0.17208333333333334 0.0529296875 0.06545833333333334
0 0.9278906250000001 0.5208472222222222 0.06880468749999999 0.15829166666666666
0 0.9484609374999999 0.4169027777777778 0.0630703125 0.10140277777777779
0 0.9842734375 0.3349861111111111 0.0314609375 0.07647222222222222
0 0.9853125 0.4884166666666667 0.029375000000000002 0.0916388888888889
0 0.8810234375 0.6390972222222222 0.08742187500000001 0.15790277777777778
0 0.9712500000000001 0.6513194444444445 0.0574921875 0.12116666666666666
0 0.9733359374999999 0.9229999999999999 0.053328125000000004 0.09970833333333334
0 0.9389687500000001 0.8079861111111111 0.09915625 0.09654166666666668
0 0.6046171874999999 0.925 0.090765625 0.15
0 0.8668359375 0.33105555555555555 0.061125 0.12876388888888887
0 0.606828125 0.30027777777777775 0.047281250000000004 0.1088888888888889
0 0.4696015625 0.34425 0.0456953125 0.11348611111111111
0 0.320265625 0.31531944444444443 0.044890625 0.09730555555555556
0 0.2258671875 0.29125 0.0435703125 0.12323611111111112
0 0.5052734375 0.8278888888888889 0.052468749999999995 0.09004166666666666
0 0.45032812499999997 0.8172777777777779 0.051171875 0.07008333333333333
0 0.392 0.376875 0.0550546875 0.06301388888888888