0 0.8618750000000001 0.3810208333333333 0.179734375 0.2101875
0 0.537765625 0.49464583333333334 0.12309375 0.14579166666666668
0 0.21921875000000002 0.46570833333333334 0.1664375 0.2592083333333333
0 0.95659375 0.058916666666666666 0.0868125 0.11783333333333333
0 0.329796875 0.903 0.1431875 0.19397916666666667
0 0.21382812499999998 0.9446666666666667 0.09709375 0.11064583333333333
0 0.11174999999999999 0.6811875000000001 0.09315625 0.10216666666666667
0 0.444015625 0.7524583333333333 0.07446875 0.07806249999999999
0 0.642953125 0.8028958333333333 0.080359375 0.07710416666666667
0 0.7384375000000001 0.9539375 0.068953125 0.092125
0 0.658921875 0.9712916666666668 0.08451562500000001 0.057416666666666664
0 0.9670624999999999 0.6457708333333334 0.065375 0.07304166666666667
0 0.8872031249999999 0.8109999999999999 0.12787500000000002 0.07941666666666666