0 0.878609375 0.09007407407407407 0.11846875 0.1663888888888889
0 0.671890625 0.8460462962962964 0.13834375000000002 0.2301851851851852
0 0.491671875 0.9580833333333334 0.070484375 0.0838425925925926
0 0.49213541666666666 0.9570555555555554 0.0695625 0.08589814814814814
0 0.14860416666666668 0.9570555555555554 0.14543229166666669 0.08589814814814814
0 0.10809375 0.6829166666666666 0.082921875 0.15499074074074073
0 0.47176562499999997 0.7650092592592593 0.05474479166666667 0.09281481481481481
0 0.5175989583333334 0.8427777777777778 0.04641666666666667 0.10839814814814815
0 0.6545260416666667 0.9776296296296295 0.066578125 0.04474074074074074
0 0.9296458333333334 0.9123055555555555 0.073890625 0.12399074074074073
0 0.6096197916666667 0.5862777777777778 0.09157291666666666 0.16175925925925924
0 0.36886979166666667 0.22503703703703704 0.11005208333333334 0.17634259259259258
0 0.23888541666666668 0.28385185185185186 0.03896354166666667 0.0669351851851852
0 0.23355729166666667 0.1509537037037037 0.03571875 0.061092592592592594
0 0.346296875 0.08100925925925925 0.03713020833333334 0.05282407407407407
0 0.31272916666666667 0.022842592592592595 0.053328125 0.04568518518518519
0 0.7784895833333334 0.08430555555555555 0.06636458333333334 0.0791574074074074
0 0.71690625 0.11289814814814815 0.023463541666666664 0.05078703703703704
0 0.7356614583333333 0.05177777777777778 0.05478645833333333 0.07803703703703704
0 0.9333541666666666 0.22255555555555556 0.06685416666666667 0.1154537037037037
0 0.8152916666666666 0.18469444444444444 0.03442708333333333 0.059472222222222225
0 0.5210729166666667 0.18058333333333335 0.04410416666666667 0.06769444444444445
0 0.6426041666666666 0.24517592592592594 0.03717708333333333 0.06198148148148148
0 0.5714166666666666 0.1875648148148148 0.024432291666666665 0.02902777777777778
0 0.6604270833333333 0.46016666666666667 0.06171875 0.11353703703703705
0 0.6997812499999999 0.5798888888888889 0.038572916666666665 0.06341666666666666
0 0.71853125 0.6395462962962963 0.042744791666666664 0.051111111111111114
0 0.8144843749999999 0.7156666666666667 0.038364583333333334 0.05527777777777778
0 0.8912239583333333 0.6547499999999999 0.03999479166666667 0.0862962962962963
0 0.9246718749999999 0.6798703703703703 0.040234375 0.06924074074074074
0 0.8512916666666667 0.6595 0.04346354166666667 0.048240740740740744
0 0.7879791666666667 0.5368981481481482 0.052015625 0.07943518518518519
0 0.8464322916666667 0.4638611111111111 0.03929166666666666 0.08145370370370371
0 0.8887916666666666 0.4669537037037037 0.03328125 0.08762037037037036
0 0.9754843750000001 0.38239814814814815 0.04517708333333333 0.0632962962962963
0 0.556375 0.12585185185185185 0.05915625 0.1063148148148148
0 0.5103072916666667 0.3399814814814815 0.044796875 0.12352777777777778
0 0.41921354166666663 0.39041666666666663 0.044083333333333335 0.07605555555555556
0 0.317125 0.5226944444444445 0.039901041666666665 0.07078703703703704
0 0.017593750000000002 0.37066666666666664 0.035187500000000003 0.08262962962962962
0 0.07082291666666667 0.9166296296296297 0.041713541666666666 0.09560185185185185
0 0.3710625 0.7068148148148148 0.035557291666666664 0.060620370370370366
0 0.41608854166666664 0.7166944444444444 0.043390625 0.07378703703703704
0 0.30740625 0.44699074074074074 0.03156770833333333 0.057574074074074076
0 0.36296354166666667 0.4317685185185185 0.04083333333333334 0.07978703703703705
0 0.463890625 0.25525000000000003 0.03344270833333333 0.04593518518518518
0 0.6929531250000001 0.3949444444444445 0.054546875 0.09169444444444444
0 0.551390625 0.4365 0.03969270833333333 0.06621296296296297
0 0.97328125 0.7374444444444445 0.03846354166666666 0.0788425925925926
0 0.31481250000000005 0.8249074074074074 0.04453125 0.11253703703703705
0 0.02616145833333333 0.7031203703703703 0.05232291666666666 0.10916666666666668
0 0.09986979166666667 0.40461111111111114 0.037218749999999995 0.08470370370370371
0 0.0646875 0.805324074074074 0.04240625 0.1734351851851852
0 0.14084375000000002 0.8018703703703703 0.040453125 0.09276851851851851
0 0.8208489583333333 0.5975555555555556 0.06035416666666667 0.07892592592592593
0 0.17684375000000002 0.7183425925925926 0.06117708333333333 0.10341666666666667
0 0.23285937499999998 0.833925925925926 0.04159895833333334 0.13597222222222222
0 0.416203125 0.8921759259259259 0.03621354166666667 0.05620370370370371
0 0.4166666666666667 0.8279722222222222 0.038786458333333336 0.062333333333333324