0 0.9259114583333333 0.6769722222222222 0.14817708333333332 0.34376851851851853
0 0.79521875 0.6668703703703704 0.06127604166666667 0.1764351851851852
0 0.6537031249999999 0.9047592592592593 0.08894791666666667 0.1451111111111111
0 0.7503072916666667 0.8121851851851851 0.05719791666666666 0.10802777777777778
0 0.8337708333333332 0.31700925925925927 0.16371354166666666 0.3761574074074074
0 0.6600833333333332 0.22440740740740742 0.09963020833333333 0.1354351851851852
0 0.7414583333333333 0.12167592592592592 0.126984375 0.2112777777777778
0 0.625046875 0.08587962962962963 0.13499479166666667 0.17175925925925925
0 0.975390625 0.23919444444444443 0.04921875 0.06078703703703704
0 0.5164739583333333 0.9273981481481481 0.045703125 0.07610185185185185
0 0.36296875 0.2924444444444444 0.059479166666666666 0.09382407407407407
0 0.10048958333333333 0.4111574074074074 0.08859895833333334 0.14619444444444443
0 0.33640624999999996 0.15197222222222223 0.049890625 0.10900925925925926
0 0.346953125 0.026851851851851852 0.06702604166666666 0.053703703703703705
0 0.19957291666666668 0.13647222222222222 0.07012499999999999 0.10761111111111112
0 0.08772916666666666 0.17535185185185184 0.036911458333333334 0.10393518518518519
0 0.14514583333333334 0.0874074074074074 0.0345625 0.07611111111111112
0 0.15842708333333333 0.029324074074074075 0.03783333333333334 0.048768518518518524
0 0.5763593749999999 0.27066666666666667 0.07406770833333334 0.21251851851851852
0 0.39877083333333335 0.647425925925926 0.041515624999999994 0.12274074074074075
0 0.03984375 0.6733425925925927 0.0796875 0.08943518518518519
0 0.054921875 0.5766111111111111 0.07036458333333333 0.10696296296296295
0 0.13838020833333334 0.6298333333333334 0.08313541666666667 0.10236111111111111
0 0.14436979166666666 0.5238518518518518 0.05553645833333333 0.10137037037037037
0 0.14722916666666666 0.8341759259259259 0.049140625 0.11499074074074074
0 0.38015625 0.10589814814814816 0.050104166666666665 0.07198148148148148
0 0.22534375 0.038814814814814816 0.06996354166666667 0.0714537037037037
0 0.27495312499999996 0.12489814814814813 0.03133854166666667 0.06595370370370371
0 0.4332708333333333 0.27832407407407406 0.056125 0.06928703703703704