0 0.9355781249999999 0.30985416666666665 0.12884374999999998 0.18643749999999998
0 0.893140625 0.21004166666666665 0.05615625 0.045375000000000006
0 0.6442187500000001 0.289375 0.117234375 0.12920833333333334
0 0.281625 0.2218125 0.059421875 0.08839583333333333
0 0.046890625000000005 0.3448541666666667 0.068 0.11447916666666667
0 0.27575 0.33214583333333336 0.0515625 0.035875
0 0.154515625 0.40302083333333333 0.050421875000000005 0.1125625
0 0.0415625 0.4950625 0.083125 0.07685416666666667
0 0.8198437500000001 0.445625 0.07203125 0.07416666666666667
0 0.7750625 0.5620416666666667 0.07523437499999999 0.09979166666666667
0 0.7705625 0.48239583333333336 0.06715625 0.06697916666666666
0 0.327078125 0.5704166666666667 0.16599999999999998 0.29312499999999997
0 0.67746875 0.8800208333333334 0.234875 0.23995833333333336
0 0.16990624999999998 0.7517916666666667 0.20875 0.23825
0 0.83265625 0.5714791666666666 0.0723125 0.12050000000000001
0 0.518203125 0.8778333333333334 0.089625 0.09933333333333333
0 0.034546875 0.7515000000000001 0.06909375 0.2554166666666667
0 0.8958281250000001 0.6529166666666666 0.0806875 0.12341666666666667
0 0.23345312499999998 0.522625 0.05337499999999999 0.13533333333333333
0 0.027984375 0.5766041666666666 0.05596875 0.07710416666666667
0 0.868078125 0.9762916666666667 0.054093749999999996 0.0474375
0 0.8370468750000001 0.9025625 0.07115625 0.12077083333333333
0 0.074921875 0.5385000000000001 0.044921875 0.07616666666666667