0 0.48575 0.7959305555555556 0.1592265625 0.29462499999999997
0 0.5701171875 0.08125 0.105078125 0.1625
0 0.275609375 0.06968055555555555 0.08471875 0.13934722222222223
0 0.20646874999999998 0.06219444444444445 0.0660546875 0.12191666666666667
0 0.1291328125 0.29869444444444443 0.0833984375 0.102625
0 0.16571875 0.5798472222222222 0.075328125 0.10973611111111112
0 0.7031796875 0.6460833333333333 0.053851562500000005 0.07086111111111111
0 0.6842343750000001 0.6109027777777778 0.0382265625 0.10697222222222222
0 0.97475 0.744388888888889 0.0505 0.15237499999999998
0 0.9875937499999999 0.49294444444444446 0.0248203125 0.08330555555555555
0 0.3518515625 0.9653750000000001 0.039453125 0.06925
0 0.2885 0.6029166666666667 0.0462890625 0.06968055555555555
0 0.7187265625 0.19826388888888888 0.0462578125 0.08808333333333333
0 0.3948671875 0.6541250000000001 0.0297890625 0.05720833333333333
0 0.49006249999999996 0.5649861111111112 0.0566328125 0.0937638888888889