0 0.8525859375 0.6545416666666667 0.2948203125 0.6909027777777778
0 0.6465234375 0.8212361111111111 0.141984375 0.3575416666666667
0 0.391671875 0.7326805555555556 0.2427109375 0.4026666666666667
0 0.5009296875 0.1682638888888889 0.0705 0.14995833333333333
0 0.6726953124999999 0.34805555555555556 0.078859375 0.11140277777777777
0 0.6592578125 0.5455555555555556 0.098 0.1279722222222222
0 0.346515625 0.9349166666666666 0.134625 0.13015277777777776
0 0.39259374999999996 0.9827777777777779 0.120484375 0.034444444444444444
0 0.4082109375 0.20551388888888888 0.089015625 0.2935833333333333
0 0.46400781249999995 0.0628888888888889 0.07257812500000001 0.11672222222222223
0 0.13146875 0.02901388888888889 0.059328124999999995 0.05802777777777778
0 0.2396875 0.08925000000000001 0.0609609375 0.0775
0 0.226484375 0.6085 0.119140625 0.12554166666666666
0 0.0626015625 0.8031111111111111 0.08825 0.13306944444444443
0 0.048125 0.6924305555555555 0.07958593750000001 0.10584722222222222
0 0.126609375 0.6977361111111111 0.06441406250000001 0.20931944444444445
0 0.27452343749999997 0.2422638888888889 0.05084375 0.21206944444444445
0 0.038890625 0.32740277777777776 0.07778906249999999 0.3905833333333334
0 0.6251171875 0.3254166666666667 0.0366640625 0.08258333333333333
0 0.6608828124999999 0.2324027777777778 0.0503125 0.07711111111111112
0 0.7039453124999999 0.2612083333333333 0.0487734375 0.068875
0 0.4246484375 0.3912083333333334 0.049421875 0.213625
0 0.4967578125 0.38606944444444447 0.0695703125 0.1909861111111111
0 0.2341328125 0.4580694444444445 0.0831875 0.19505555555555557
0 0.1597109375 0.3862777777777778 0.049140625 0.17083333333333334
0 0.5009296875 0.9186944444444445 0.051976562500000004 0.11619444444444443
0 0.3663125 0.5239166666666667 0.0642265625 0.07981944444444444
0 0.669453125 0.46281944444444445 0.0353359375 0.07697222222222222
0 0.31770312500000003 0.23202777777777778 0.0318046875 0.08005555555555556