0 0.36571875 0.22533333333333333 0.08175 0.09656250000000001
0 0.419359375 0.30700000000000005 0.047375 0.06214583333333333
0 0.50234375 0.44258333333333333 0.0828125 0.138875
0 0.588453125 0.3234166666666667 0.077265625 0.099625
0 0.83321875 0.41202083333333334 0.085875 0.24441666666666664
0 0.879046875 0.26560416666666664 0.058562499999999997 0.08085416666666667
0 0.696421875 0.46045833333333336 0.034515625 0.12633333333333333
0 0.7368750000000001 0.3807916666666667 0.1119375 0.17733333333333334
0 0.753546875 0.7131666666666666 0.11860937499999999 0.19497916666666668
0 0.75371875 0.575875 0.093953125 0.10918749999999999
0 0.8648125 0.7059791666666667 0.10785937500000001 0.15841666666666668
0 0.660828125 0.8371458333333333 0.16125 0.16408333333333333
0 0.61934375 0.5381666666666667 0.102578125 0.12168749999999999
0 0.5065000000000001 0.5643125 0.092171875 0.09529166666666668
0 0.727671875 0.9527708333333333 0.13909375 0.0944375
0 0.37196875 0.7334791666666667 0.06925 0.10491666666666667
0 0.2718125 0.40281249999999996 0.07165625 0.08879166666666666
0 0.19039062499999998 0.5363125 0.05046874999999999 0.08097916666666666
0 0.471609375 0.9035624999999999 0.053640625 0.09787499999999999
0 0.9220625 0.8727916666666666 0.0740625 0.08572916666666666
0 0.274375 0.75825 0.085328125 0.07254166666666667
0 0.49865624999999997 0.7921250000000001 0.047859374999999996 0.06835416666666667
0 0.9447812499999999 0.610375 0.050921875000000005 0.083625
0 0.55603125 0.752375 0.07171875 0.10245833333333333
0 0.861265625 0.8714583333333333 0.059281249999999994 0.07929166666666668