0 0.0411484375 0.1332361111111111 0.0822890625 0.160375
0 0.10153125 0.5798055555555556 0.10734375 0.20497222222222225
0 0.0921640625 0.9330972222222222 0.11567968749999999 0.13379166666666667
0 0.0190078125 0.7214305555555555 0.0380234375 0.15490277777777778
0 0.5078828125 0.7505972222222221 0.0785078125 0.16691666666666669
0 0.9016718750000001 0.3830972222222222 0.109171875 0.22454166666666664
0 0.537953125 0.17901388888888886 0.0782578125 0.10711111111111112
0 0.9051171874999999 0.1887361111111111 0.146015625 0.13579166666666667
0 0.6205 0.2627916666666667 0.043375000000000004 0.08020833333333334
0 0.5815703125 0.7725833333333333 0.082171875 0.10443055555555555
0 0.8460000000000001 0.8052083333333333 0.050703125 0.1095
0 0.3495625 0.4280277777777778 0.061820312499999995 0.049569444444444444
0 0.4117890625 0.4414444444444444 0.0467265625 0.06713888888888889
0 0.4625703125 0.5499722222222222 0.054546874999999995 0.057361111111111106
0 0.301125 0.6797916666666667 0.06493750000000001 0.0901388888888889
0 0.131609375 0.48494444444444446 0.10709375000000002 0.11709722222222223
0 0.721796875 0.9000972222222223 0.054328125000000005 0.10480555555555554
0 0.7944453125 0.6224027777777777 0.070484375 0.1235
0 0.9799453124999999 0.6668333333333334 0.0401015625 0.08273611111111111