0 0.5211640625 0.3067361111111111 0.0779921875 0.1958888888888889
0 0.416609375 0.3745555555555556 0.0709453125 0.1602083333333333
0 0.8157890625 0.7431666666666668 0.159703125 0.26319444444444445
0 0.8617578124999999 0.6284027777777778 0.08429687500000001 0.16329166666666667
0 0.950421875 0.5659305555555556 0.08665625 0.10316666666666667
0 0.5076171875 0.6432222222222223 0.06340625 0.11886111111111111
0 0.15907812500000001 0.9423611111111111 0.0703828125 0.11527777777777778
0 0.0352890625 0.9516249999999999 0.0705703125 0.09676388888888889
0 0.047367187500000005 0.5664027777777778 0.059429687499999995 0.09483333333333334
0 0.054140625 0.68075 0.06671875000000001 0.0931388888888889
0 0.32130468749999996 0.6205416666666667 0.07405468750000001 0.13830555555555554
0 0.542125 0.82375 0.0595078125 0.09415277777777778
0 0.2973515625 0.9250833333333333 0.0490546875 0.11775000000000001
0 0.40242187500000004 0.9724583333333333 0.0550546875 0.05509722222222223
0 0.8379296875 0.9631944444444445 0.08039062500000001 0.07361111111111111
0 0.9472968749999999 0.82 0.08249218750000001 0.28720833333333334
0 0.3141484375 0.7966388888888889 0.049312499999999995 0.20808333333333331
0 0.394859375 0.783236111111111 0.0600390625 0.07943055555555555
0 0.42116406250000005 0.7371805555555555 0.048812499999999995 0.09380555555555556
0 0.530140625 0.742736111111111 0.0313828125 0.06788888888888889
0 0.48735937500000004 0.4834861111111111 0.053023437500000006 0.19543055555555558
0 0.52534375 0.4397638888888889 0.0258828125 0.05244444444444444
0 0.6204531249999999 0.6709444444444445 0.0270703125 0.07036111111111111
0 0.6547265624999999 0.719013888888889 0.034687499999999996 0.07969444444444444
0 0.47944531250000005 0.818125 0.043453124999999995 0.07304166666666667
0 0.081234375 0.849361111111111 0.0625234375 0.05219444444444444
0 0.458546875 0.08188888888888889 0.0422734375 0.06586111111111112
0 0.7095078125 0.558138888888889 0.0364609375 0.046125
0 0.7303046875 0.43906944444444446 0.0280625 0.05106944444444445
0 0.987890625 0.2139861111111111 0.02421875 0.09006944444444444