0 0.862515625 0.08814814814814816 0.12461979166666667 0.1762962962962963
0 0.94990625 0.33725925925925926 0.09314583333333333 0.096
0 0.9495833333333333 0.6965833333333333 0.10083333333333333 0.14427777777777778
0 0.8352291666666667 0.9148518518518518 0.10754166666666666 0.12525925925925926
0 0.47838020833333333 0.9298148148148149 0.123015625 0.14037037037037037
0 0.25424479166666664 0.8691203703703704 0.09193229166666667 0.1782314814814815
0 0.37829687500000003 0.6251296296296296 0.09174479166666667 0.12728703703703703
0 0.5278645833333333 0.4003703703703704 0.10093229166666666 0.1740833333333333
0 0.30955208333333334 0.4391203703703704 0.1375625 0.18175925925925926
0 0.3453802083333333 0.5516666666666666 0.08923958333333333 0.10481481481481482
0 0.23705208333333333 0.5261203703703704 0.075765625 0.10405555555555555
0 0.2516302083333333 0.06262037037037037 0.10992708333333333 0.12525
0 0.1787291666666667 0.24506481481481482 0.09920833333333333 0.0967962962962963
0 0.16789583333333333 0.36187037037037034 0.095875 0.15633333333333332
0 0.32496354166666663 0.7880462962962963 0.04840625 0.09756481481481481
0 0.6516041666666667 0.6460462962962963 0.05345833333333334 0.15060185185185185
0 0.5415104166666667 0.5196481481481482 0.06322916666666667 0.13552777777777777
0 0.842625 0.30564814814814817 0.116078125 0.19315740740740742
0 0.7818020833333333 0.4296666666666667 0.08889583333333334 0.11547222222222221
0 0.5870260416666666 0.8014074074074073 0.04094791666666667 0.0860925925925926
0 0.05165104166666667 0.7025370370370371 0.053359375 0.06602777777777778
0 0.08372916666666666 0.8384259259259259 0.035796875 0.05352777777777778
0 0.12289583333333334 0.8123148148148148 0.035875 0.057583333333333334
0 0.05550520833333333 0.8954444444444445 0.047734375 0.07281481481481482
0 0.017291666666666667 0.8345092592592592 0.034583333333333334 0.07569444444444444
0 0.10039583333333332 0.7936203703703704 0.035791666666666666 0.04683333333333333
0 0.14175000000000001 0.6803055555555556 0.03358333333333333 0.05246296296296296
0 0.047276041666666664 0.4476203703703704 0.041276041666666666 0.05365740740740741
0 0.022500000000000003 0.5475648148148148 0.045000000000000005 0.07216666666666667
0 0.059046875000000006 0.5720092592592593 0.03648958333333333 0.046981481481481485
0 0.08695833333333333 0.49018518518518517 0.027671875000000002 0.03887962962962963
0 0.1176875 0.4972314814814815 0.025458333333333336 0.04331481481481481