0 0.13328125 0.5390208333333334 0.202875 0.5308333333333334
0 0.173734375 0.037270833333333336 0.06990625 0.07454166666666667
0 0.13414062499999999 0.28543749999999996 0.170359375 0.227375
0 0.31590625 0.48475 0.11540625 0.13791666666666666
0 0.545921875 0.762 0.172734375 0.2223125
0 0.27025 0.7036666666666667 0.126859375 0.11674999999999999
0 0.53428125 0.9006875 0.21715625 0.19860416666666666
0 0.3584375 0.6274791666666667 0.061609375 0.12441666666666666
0 0.032296875 0.8094166666666667 0.064578125 0.18762500000000001
0 0.021875 0.6235416666666667 0.04375 0.25077083333333333
0 0.1351875 0.9747708333333333 0.056703125 0.050458333333333334
0 0.39628125000000003 0.73625 0.062296874999999995 0.0734375