0 0.5921197916666666 0.2662407407407408 0.11576041666666666 0.22137037037037038
0 0.6375624999999999 0.8520833333333333 0.17331770833333332 0.29583333333333334
0 0.16819791666666667 0.913425925925926 0.20318229166666668 0.17314814814814813
0 0.2683177083333333 0.7612129629629629 0.06805729166666666 0.3270462962962963
0 0.3654427083333333 0.5474166666666667 0.06651041666666667 0.1402037037037037
0 0.44173958333333335 0.40114814814814814 0.11703645833333334 0.25507407407407406
0 0.026171875 0.5612962962962963 0.05234375 0.1864814814814815
0 0.10830208333333333 0.7327777777777778 0.06256250000000001 0.1174074074074074
0 0.47858854166666664 0.8914351851851852 0.11366145833333333 0.21712962962962962
0 0.7889791666666667 0.9241481481481482 0.10745833333333334 0.13812037037037037
0 0.6859895833333333 0.09158333333333334 0.09728645833333333 0.11406481481481481
0 0.5275364583333333 0.0966388888888889 0.057421875 0.10900925925925926
0 0.23784895833333333 0.12722222222222224 0.061281249999999995 0.12612037037037038
0 0.3800208333333333 0.328037037037037 0.0668125 0.18291666666666667
0 0.5945937499999999 0.4955555555555556 0.118625 0.2772314814814815
0 0.50071875 0.42612037037037037 0.09543229166666665 0.39761111111111114
0 0.7275260416666666 0.35576851851851854 0.13661458333333334 0.38654629629629633
0 0.7418437499999999 0.1253611111111111 0.08193229166666667 0.11130555555555555
0 0.9186510416666667 0.1403611111111111 0.07727604166666667 0.15480555555555556
0 0.9583645833333333 0.24403703703703705 0.073375 0.15844444444444444
0 0.2119375 0.6857962962962962 0.061369791666666666 0.16696296296296295
0 0.6898958333333333 0.45762962962962966 0.05302083333333333 0.1272962962962963
0 0.9229479166666666 0.6353611111111112 0.07128645833333333 0.11237962962962963
0 0.854203125 0.9527777777777777 0.06294270833333333 0.09444444444444444
0 0.8660520833333333 0.8563888888888889 0.06789583333333334 0.08908333333333333
0 0.8462552083333333 0.782537037037037 0.06959895833333334 0.11043518518518518
0 0.971484375 0.9261574074074074 0.05703125 0.1476851851851852
0 0.9071979166666666 0.7955277777777777 0.05852604166666667 0.10431481481481482
0 0.9249010416666666 0.4705925925925926 0.06477604166666667 0.09767592592592592
0 0.34447916666666667 0.882537037037037 0.06416145833333334 0.11548148148148148
0 0.5530520833333333 0.7286111111111111 0.05610416666666666 0.1183425925925926
0 0.5461510416666666 0.860287037037037 0.044911458333333334 0.13630555555555557