0 0.18853906250000002 0.32315277777777773 0.3770859375 0.6462916666666666
0 0.62675 0.31144444444444447 0.0517109375 0.1682638888888889
0 0.702140625 0.9064861111111111 0.1275 0.18704166666666666
0 0.9473984375000001 0.6685138888888889 0.10521093749999999 0.20183333333333334
0 0.8405390625000001 0.9371944444444444 0.0876796875 0.12344444444444444
0 0.6063046875 0.8205555555555555 0.048320312500000004 0.09390277777777778
0 0.6465390625 0.7400277777777778 0.0642109375 0.11801388888888889
0 0.7818125 0.9309444444444444 0.042265625 0.12484722222222222
0 0.017710937500000003 0.8775416666666668 0.035414062499999996 0.2449027777777778
0 0.0762734375 0.6205833333333334 0.11099218749999999 0.3420972222222222
0 0.321046875 0.3468611111111111 0.04853125 0.1418611111111111
0 0.4798828125 0.4179305555555556 0.053765625 0.08172222222222222
0 0.39109375 0.3991666666666666 0.049070312500000005 0.12609722222222222
0 0.380546875 0.356125 0.0363046875 0.06780555555555555
0 0.37390625 0.22908333333333333 0.031359375 0.07761111111111112
0 0.5050078124999999 0.3038194444444444 0.035546875 0.10209722222222223
0 0.2832890625 0.7291527777777778 0.045921875 0.07313888888888888
0 0.33406250000000004 0.6622777777777777 0.043328125 0.09215277777777776
0 0.36140625000000004 0.5896111111111111 0.0459375 0.10422222222222223
0 0.21896875 0.7890972222222222 0.054765625 0.068
0 0.1291328125 0.8934583333333332 0.041734375000000004 0.11468055555555555