0 0.3157109375 0.3197083333333333 0.08785156250000001 0.1292361111111111
0 0.2097265625 0.6196111111111111 0.09668750000000001 0.15497222222222223
0 0.4490390625 0.7306805555555556 0.19620312499999998 0.2659722222222222
0 0.24578906250000002 0.9102638888888889 0.07925 0.16219444444444445
0 0.546671875 0.5217638888888889 0.045953125 0.11941666666666667
0 0.6298828125 0.8486111111111111 0.170453125 0.30277777777777776
0 0.9708359375000001 0.7232777777777778 0.058335937500000004 0.177125
0 0.675703125 0.38890277777777776 0.078796875 0.10559722222222222
0 0.7564296875000001 0.39861111111111114 0.0944375 0.18981944444444443
0 0.9682265624999999 0.43425 0.0635390625 0.23330555555555554
0 0.9682265624999999 0.18756944444444446 0.0635390625 0.156625
0 0.73259375 0.6999444444444444 0.032382812500000004 0.06862499999999999
0 0.775953125 0.6693749999999999 0.050171875 0.09245833333333332
0 0.073671875 0.7948055555555555 0.06411718749999999 0.09330555555555556