0 0.1639453125 0.7162916666666667 0.1820546875 0.465
0 0.2934765625 0.19293055555555555 0.14425 0.22845833333333335
0 0.5239140625 0.47486111111111107 0.128546875 0.23906944444444445
0 0.6245 0.6796944444444445 0.150734375 0.3234861111111111
0 0.715953125 0.45458333333333334 0.0733046875 0.1545277777777778
0 0.370296875 0.7197083333333334 0.07132031250000001 0.1246111111111111
0 0.42595312500000004 0.7434444444444444 0.07716406249999999 0.13736111111111113
0 0.15190625 0.3428611111111111 0.10980468750000001 0.15561111111111112
0 0.18640625 0.1396111111111111 0.098078125 0.16522222222222221
0 0.698359375 0.18830555555555556 0.1050546875 0.22845833333333335
0 0.7895234375 0.483125 0.0510625 0.0968611111111111
0 0.0487578125 0.5076805555555555 0.0975234375 0.23730555555555558
0 0.3153125 0.9145833333333333 0.0902265625 0.13775
0 0.47426562499999997 0.6195138888888889 0.11875 0.09979166666666665