0 0.4197239583333333 0.4103796296296296 0.20611458333333335 0.4031666666666667
0 0.9486979166666667 0.41131481481481486 0.10260416666666666 0.368
0 0.888828125 0.11605555555555556 0.18859375 0.20341666666666666
0 0.76396875 0.043055555555555555 0.113359375 0.08611111111111111
0 0.5007135416666667 0.08935185185185185 0.092046875 0.1787037037037037
0 0.7837708333333333 0.25033333333333335 0.09704166666666666 0.17617592592592593
0 0.5802708333333333 0.8323425925925926 0.12122916666666667 0.24827777777777776
0 0.6018854166666666 0.9712962962962963 0.08321354166666667 0.05740740740740741
0 0.7096874999999999 0.910074074074074 0.055109375 0.1298425925925926
0 0.8087604166666666 0.9631944444444445 0.0466875 0.07361111111111111
0 0.33093229166666666 0.5166851851851851 0.09624479166666666 0.1388611111111111