0 0.2554140625 0.04420833333333333 0.143125 0.08841666666666666
0 0.33107031249999996 0.2891388888888889 0.1144140625 0.30883333333333335
0 0.25203125000000004 0.6923611111111111 0.20406249999999998 0.6152777777777778
0 0.738578125 0.8694444444444445 0.1537265625 0.2611111111111111
0 0.423734375 0.17234722222222223 0.0566953125 0.12383333333333332
0 0.5594296875 0.22241666666666665 0.07667968750000001 0.1291111111111111
0 0.621015625 0.15540277777777778 0.0722421875 0.14322222222222222
0 0.95896875 0.16705555555555557 0.048296875 0.07622222222222222
0 0.6197109375000001 0.3678333333333333 0.07484375 0.16993055555555556
0 0.9703671875 0.3968055555555555 0.059273437500000005 0.23612499999999997
0 0.9169296875 0.7138333333333334 0.09709375 0.13279166666666667
0 0.8907812500000001 0.9434305555555556 0.064828125 0.11313888888888889
0 0.371828125 0.41774999999999995 0.058171875 0.08340277777777777
0 0.650390625 0.8317361111111111 0.05596875 0.10741666666666667