0 0.14932291666666667 0.8162037037037037 0.26958333333333334 0.3675925925925926
0 0.3435729166666667 0.8815555555555556 0.12066666666666667 0.23441666666666666
0 0.5422447916666666 0.9377314814814814 0.09438541666666667 0.12453703703703704
0 0.576234375 0.873925925925926 0.058994791666666664 0.18675
0 0.6081249999999999 0.5080740740740741 0.07510416666666667 0.16337037037037036
0 0.8931354166666666 0.32160185185185186 0.07622916666666667 0.12624074074074074
0 0.8879270833333333 0.2310925925925926 0.044984375 0.05848148148148148
0 0.9760416666666667 0.4673425925925926 0.04791666666666667 0.17450000000000002
0 0.802515625 0.8183981481481482 0.06996354166666667 0.13124074074074074
0 0.9864583333333333 0.7862222222222223 0.027083333333333334 0.17337962962962963
0 0.3999479166666667 0.5965185185185186 0.08344270833333334 0.11345370370370371
0 0.5072291666666666 0.4528055555555555 0.04596354166666667 0.08142592592592593
0 0.10690104166666667 0.2722222222222222 0.21380208333333334 0.5444444444444444
0 0.166109375 0.19687037037037036 0.082359375 0.13958333333333334
0 0.798609375 0.5261666666666667 0.05173958333333333 0.106
0 0.41153125 0.9107314814814815 0.06286979166666666 0.11683333333333334
0 0.4659583333333333 0.950462962962963 0.06340104166666667 0.09907407407407408
0 0.30815624999999996 0.7344074074074074 0.0665 0.06974074074074073
0 0.04372395833333333 0.6703055555555555 0.06671875 0.09430555555555555