0 0.47336718749999995 0.10154166666666667 0.09465625 0.17470833333333335
0 0.569078125 0.20191666666666666 0.15924218750000002 0.19456944444444446
0 0.5106171875000001 0.46825 0.0860625 0.30594444444444446
0 0.545375 0.6635555555555556 0.11809375 0.3632083333333333
0 0.76971875 0.7953749999999999 0.3438984375 0.4092638888888889
0 0.6249296875 0.584486111111111 0.0605625 0.11900000000000001
0 0.8113671874999999 0.41922222222222216 0.0626796875 0.11529166666666667
0 0.2700078125 0.3990833333333333 0.07768749999999999 0.1814861111111111
0 0.0372421875 0.4014444444444445 0.0744765625 0.15637500000000001
0 0.2907109375 0.6779305555555556 0.085765625 0.1604861111111111
0 0.380546875 0.7834444444444445 0.046718749999999996 0.2233611111111111
0 0.3569765625 0.644375 0.049578125 0.11654166666666667
0 0.2636328125 0.8868055555555555 0.08784375 0.2263888888888889
0 0.8613593749999999 0.5606388888888889 0.0373046875 0.060208333333333336
0 0.9071953125000001 0.5052916666666667 0.0689453125 0.15781944444444443
0 0.93596875 0.6876666666666666 0.0765 0.07809722222222222
0 0.9560234375000001 0.8327777777777778 0.072859375 0.10850000000000001
0 0.7475703125 0.5578333333333333 0.049648437499999996 0.08234722222222222
0 0.4310625 0.9400416666666668 0.0498515625 0.11990277777777777
0 0.5361328125 0.8676944444444444 0.0766953125 0.11408333333333333
0 0.7421015625 0.4928194444444444 0.0449609375 0.049527777777777775
0 0.6785078125 0.5544583333333333 0.0375234375 0.06869444444444445