0 0.241890625 0.80225 0.311 0.3954791666666667
0 0.415578125 0.6988541666666667 0.10428124999999999 0.20606249999999998
0 0.49368749999999995 0.793125 0.093875 0.14804166666666668
0 0.095828125 0.44454166666666667 0.191671875 0.6175416666666667
0 0.241890625 0.49233333333333335 0.14434375 0.23047916666666665
0 0.847421875 0.07483333333333334 0.17350000000000002 0.14964583333333334
0 0.94609375 0.30050000000000004 0.1078125 0.5767916666666667
0 0.658125 0.051395833333333335 0.074890625 0.10277083333333333
0 0.261671875 0.1905625 0.063109375 0.112625
0 0.214015625 0.154125 0.059453124999999996 0.15077083333333335
0 0.144625 0.035770833333333335 0.112296875 0.07152083333333333
0 0.10075 0.1231875 0.104609375 0.09985416666666666
0 0.05778124999999999 0.0605625 0.0655625 0.091375
0 0.60825 0.40264583333333337 0.051937500000000004 0.11760416666666668
0 0.527015625 0.6042916666666667 0.10012499999999999 0.11760416666666668
0 0.583 0.7625624999999999 0.10037499999999999 0.18414583333333334
0 0.6074843750000001 0.6459791666666667 0.06940625 0.10456249999999999
0 0.764234375 0.46075 0.0788125 0.20204166666666667
0 0.49771875000000004 0.5093541666666667 0.073046875 0.1048125
0 0.739359375 0.9576458333333334 0.077171875 0.08472916666666667
0 0.943 0.6709166666666667 0.078171875 0.1814375
0 0.64940625 0.9619791666666667 0.0636875 0.07604166666666666
0 0.38106249999999997 0.9654583333333334 0.035265625 0.06910416666666667
0 0.593421875 0.9515625 0.07670312500000001 0.096875
0 0.50540625 0.9689166666666666 0.070171875 0.06214583333333333
0 0.8038125 0.4175625 0.041328125 0.06139583333333333
0 0.893 0.4993125 0.0406875 0.07497916666666667
0 0.06937499999999999 0.7006458333333333 0.04446875 0.07510416666666667
0 0.9845 0.7565416666666667 0.030984374999999998 0.17858333333333334
0 0.025500000000000002 0.4828125 0.040671875 0.09685416666666667
0 0.31621875 0.3448333333333334 0.038171875 0.05354166666666667
0 0.628046875 0.2544166666666667 0.039421875 0.05435416666666667