0 0.0140625 0.258625 0.028125 0.062625
0 0.26954687499999996 0.18758333333333335 0.08659375 0.11960416666666666
0 0.434125 0.19543750000000001 0.11856249999999999 0.14458333333333334
0 0.084671875 0.6418333333333333 0.10565625000000001 0.12533333333333332
0 0.03315625 0.8413125 0.0663125 0.107625
0 0.08154687499999999 0.7871666666666666 0.07718749999999999 0.1196875
0 0.17685937499999999 0.7723541666666667 0.112265625 0.12710416666666666
0 0.254796875 0.7797499999999999 0.08484375 0.16041666666666668
0 0.41503125 0.7873958333333333 0.10814062499999999 0.13404166666666667
0 0.19924999999999998 0.672625 0.0570625 0.07116666666666666
0 0.074953125 0.9793958333333334 0.12509375 0.04120833333333333
0 0.64171875 0.3719375 0.40774999999999995 0.6503333333333334
0 0.537765625 0.12535416666666668 0.081421875 0.09279166666666666
0 0.57334375 0.036104166666666666 0.124828125 0.07222916666666666
0 0.46396875 0.07002083333333334 0.1078125 0.14004166666666668
0 0.317984375 0.20864583333333334 0.069578125 0.09227083333333333
0 0.96371875 0.06504166666666666 0.0725625 0.13008333333333333
0 0.867421875 0.15287499999999998 0.057515625 0.07795833333333334
0 0.8991875 0.91575 0.201609375 0.16852083333333334
0 0.787734375 0.5326041666666667 0.08146875 0.09208333333333334
0 0.635328125 0.7904375 0.101578125 0.12375
0 0.6105 0.7029375000000001 0.057484375 0.06235416666666667
0 0.6627500000000001 0.6855833333333333 0.0675625 0.09708333333333334
0 0.68028125 0.5844583333333334 0.10290625 0.08464583333333334
0 0.849375 0.6976041666666667 0.093625 0.12114583333333333
0 0.769328125 0.7036666666666667 0.083109375 0.13527083333333334
0 0.551640625 0.7661041666666667 0.07134375 0.10997916666666667
0 0.737921875 0.8112291666666667 0.059578125 0.07525
0 0.308265625 0.48633333333333334 0.075140625 0.05508333333333334
0 0.9608125 0.32595833333333335 0.058234375000000005 0.0723125