0 0.83625 0.12091666666666666 0.16028125 0.15735416666666666
0 0.45385937500000006 0.48858333333333337 0.12598437499999998 0.15827083333333333
0 0.374078125 0.5212916666666667 0.12259374999999999 0.14758333333333334
0 0.44171875 0.364375 0.11515625 0.09633333333333334
0 0.47596875 0.28279166666666666 0.067484375 0.08916666666666666
0 0.214859375 0.33337500000000003 0.093125 0.12183333333333332
0 0.69740625 0.8143958333333334 0.092625 0.16681249999999997
0 0.434734375 0.8155208333333334 0.1014375 0.17670833333333333
0 0.30703125 0.9863125 0.08571875 0.027395833333333335
0 0.641625 0.29933333333333334 0.070078125 0.11083333333333334
0 0.48445312500000004 0.7040624999999999 0.04675 0.052520833333333336