0 0.41843749999999996 0.1414351851851852 0.218328125 0.2828703703703704
0 0.6703697916666667 0.16008333333333333 0.11811979166666667 0.16224074074074074
0 0.721796875 0.4418703703703704 0.15848958333333335 0.31799074074074074
0 0.5436822916666666 0.43730555555555556 0.08763020833333333 0.1355648148148148
0 0.8553802083333333 0.4398518518518519 0.11528125 0.12585185185185185
0 0.832984375 0.5863518518518518 0.07673958333333333 0.2078611111111111
0 0.8203541666666666 0.9061018518518519 0.10980729166666667 0.16312037037037036
0 0.98125 0.8177037037037037 0.0375 0.12522222222222223
0 0.08239583333333332 0.19085185185185186 0.07531770833333334 0.08681481481481482
0 0.030729166666666665 0.9297407407407408 0.06145833333333333 0.09514814814814815
0 0.07731770833333333 0.9655092592592592 0.046411458333333336 0.06898148148148148
0 0.22717708333333334 0.5821759259259259 0.108671875 0.18841666666666668
0 0.33940624999999996 0.6182777777777778 0.10816666666666667 0.15326851851851853
0 0.385625 0.9493055555555555 0.106875 0.10138888888888889