0 0.07354166666666666 0.49007407407407405 0.06177604166666666 0.1411574074074074
0 0.090359375 0.5944814814814815 0.07263020833333332 0.1451111111111111
0 0.030197916666666665 0.7016851851851852 0.06040104166666667 0.13153703703703704
0 0.10730729166666667 0.7626018518518519 0.07639583333333334 0.18375925925925926
0 0.14066666666666666 0.45051851851851854 0.05034895833333333 0.09294444444444444
0 0.19353125 0.5921944444444445 0.03800520833333333 0.09344444444444444
0 0.22553125 0.6350277777777779 0.042567708333333336 0.061342592592592594
0 0.35144791666666664 0.5814907407407407 0.06709895833333333 0.11485185185185186
0 0.2963229166666667 0.7223055555555555 0.062875 0.14385185185185187
0 0.29188020833333334 0.550037037037037 0.04675520833333333 0.12687962962962962
0 0.3942239583333333 0.3202314814814815 0.10204687500000001 0.16608333333333333
0 0.4925104166666667 0.23037962962962963 0.13743229166666668 0.22528703703703704
0 0.5282812499999999 0.15636111111111112 0.11861458333333334 0.22068518518518518
0 0.6673697916666667 0.14778703703703705 0.03775520833333333 0.13073148148148148
0 0.6795677083333334 0.2642407407407407 0.07399479166666666 0.20308333333333334
0 0.7130052083333334 0.37492592592592594 0.03986979166666667 0.16112962962962965
0 0.6007239583333334 0.5064907407407407 0.05506770833333333 0.1095462962962963
0 0.5470260416666667 0.4947129629629629 0.049921875 0.09025925925925926
0 0.45357291666666666 0.42297222222222225 0.039078125 0.11591666666666667
0 0.9730364583333333 0.3130833333333333 0.053921875 0.10613888888888888
0 0.8482760416666667 0.6534444444444445 0.111078125 0.18972222222222224
0 0.9655052083333333 0.6613888888888888 0.068984375 0.09162962962962963
0 0.7008229166666666 0.8649814814814815 0.11199479166666666 0.270037037037037
0 0.778921875 0.7480925925925926 0.07673437500000001 0.2020648148148148
0 0.9140989583333333 0.8457870370370371 0.08203125 0.10629629629629629
0 0.841875 0.9623333333333333 0.043140625 0.0737962962962963
0 0.952125 0.9593703703703703 0.052760416666666664 0.08125
0 0.8639479166666667 0.7780555555555555 0.046614583333333334 0.06716666666666667
0 0.5432916666666666 0.9332685185185184 0.076546875 0.13346296296296295
0 0.2753333333333333 0.8750185185185185 0.08677604166666668 0.2499537037037037
0 0.17050520833333332 0.8851851851851852 0.05543229166666667 0.14977777777777776
0 0.45125 0.7462962962962963 0.05427083333333334 0.15476851851851853
0 0.13010416666666666 0.9674722222222221 0.038135416666666665 0.046037037037037036
0 0.017395833333333333 0.986824074074074 0.034796875 0.026351851851851852
0 0.477515625 0.9065092592592592 0.049765625 0.10464814814814814
0 0.47433854166666667 0.8307314814814816 0.04744270833333333 0.042138888888888885
0 0.5798020833333334 0.7120092592592593 0.04741145833333334 0.05909259259259259
0 0.6327708333333334 0.7093240740740742 0.04458333333333333 0.09667592592592593
0 0.39955729166666665 0.7028796296296297 0.029312500000000002 0.06661111111111111