0 0.4341875 0.31229166666666663 0.085265625 0.18848611111111113
0 0.3925234375 0.42133333333333334 0.0644296875 0.12583333333333332
0 0.3201328125 0.44147222222222227 0.07203125 0.11798611111111111
0 0.5487656249999999 0.6896805555555555 0.126953125 0.4478888888888889
0 0.79990625 0.7514861111111112 0.0914765625 0.3909305555555556
0 0.6167265625 0.9504583333333334 0.121234375 0.09906944444444445
0 0.4361328125 0.8821805555555555 0.13997656249999998 0.23565277777777777
0 0.971484375 0.7545277777777778 0.05703125 0.1701527777777778
0 0.3499453125 0.9388888888888889 0.0665546875 0.12222222222222222
0 0.34474218749999996 0.6802499999999999 0.048015625 0.10031944444444445
0 0.40736718749999995 0.7140277777777778 0.0816171875 0.19563888888888892
0 0.19722656249999998 0.4696805555555556 0.0345546875 0.058791666666666666
0 0.253078125 0.44655555555555554 0.0394921875 0.09854166666666667
0 0.3757265625 0.5897777777777777 0.0399921875 0.08140277777777778
0 0.48743749999999997 0.4465277777777778 0.0498671875 0.10509722222222223
0 0.5656875 0.4113611111111111 0.046234375 0.0755
0 0.610734375 0.38659722222222226 0.044679687499999995 0.05468055555555555
0 0.5737578125 0.32990277777777777 0.0457109375 0.05702777777777778
0 0.296046875 0.2605 0.0368828125 0.06326388888888888
0 0.337453125 0.26695833333333335 0.0313515625 0.07929166666666668
0 0.321046875 0.16883333333333334 0.04853125 0.10526388888888889
0 0.3345859375 0.1993888888888889 0.031875 0.05526388888888889
0 0.06559374999999999 0.3826805555555555 0.0395234375 0.07813888888888888
0 0.72946875 0.48911111111111116 0.036546875 0.06063888888888888
0 0.628046875 0.5442083333333333 0.033484375 0.07916666666666666
0 0.0092421875 0.7166250000000001 0.0184921875 0.127875
0 0.027187499999999996 0.6344583333333333 0.0503125 0.05608333333333334
0 0.21857812499999998 0.6242777777777778 0.0460078125 0.07644444444444444
0 0.3452578125 0.7830277777777778 0.046765625 0.08302777777777778
0 0.7223124999999999 0.7670694444444444 0.0300390625 0.11031944444444446
0 0.884015625 0.821875 0.046156249999999996 0.06876388888888889