0 0.113890625 0.7606458333333334 0.22778125 0.47870833333333335
0 0.45028125 0.3667916666666667 0.284171875 0.4942083333333333
0 0.0774375 0.028 0.154859375 0.05602083333333333
0 0.254796875 0.05525 0.098734375 0.10802083333333333
0 0.29159375 0.29933333333333334 0.11373437500000001 0.18108333333333335
0 0.16296875 0.48054166666666664 0.112265625 0.17772916666666666
0 0.868125 0.8914375 0.208890625 0.21712499999999998
0 0.388109375 0.8897291666666667 0.12621875 0.20758333333333334
0 0.686703125 0.95625 0.08451562500000001 0.0875
0 0.8247187500000001 0.12908333333333333 0.12209375 0.17795833333333333
0 0.920890625 0.2748125 0.061703125000000004 0.10427083333333333
0 0.264515625 0.5770833333333333 0.079296875 0.11529166666666667
0 0.82975 0.6675208333333333 0.059953124999999996 0.12579166666666666
0 0.62734375 0.47293749999999996 0.0689375 0.09208333333333334
0 0.673171875 0.33547916666666666 0.046718749999999996 0.06145833333333333
0 0.64365625 0.2748333333333333 0.053968749999999996 0.06725
0 0.65528125 0.18575 0.063734375 0.06922916666666666
0 0.455296875 0.7408750000000001 0.069625 0.10120833333333333
0 0.52353125 0.8288125 0.102953125 0.09189583333333333
0 0.42821875 0.5495 0.12342187499999999 0.13974999999999999