0 0.1766875 0.2967916666666667 0.10914062499999999 0.15285416666666668
0 0.09925 0.6478333333333333 0.145921875 0.2391875
0 0.12546875 0.5016458333333333 0.131703125 0.10877083333333333
0 0.025343749999999998 0.5404791666666667 0.050687499999999996 0.09856250000000001
0 0.0305625 0.8960625 0.061109375 0.207875
0 0.344203125 0.955625 0.09701562500000001 0.08627083333333332
0 0.7408750000000001 0.8889791666666667 0.11270312499999999 0.17516666666666666
0 0.87696875 0.7649583333333333 0.11828125 0.09379166666666668
0 0.931125 0.8713958333333333 0.1210625 0.14
0 0.630296875 0.1891875 0.135953125 0.16449999999999998
0 0.60996875 0.5101666666666667 0.062 0.08885416666666666
0 0.6191718749999999 0.411125 0.102609375 0.07595833333333334
0 0.48828125 0.6846458333333333 0.079671875 0.09522916666666667
0 0.40478125 0.8815833333333334 0.06265625 0.1048125
0 0.42318749999999994 0.13066666666666665 0.0466875 0.07058333333333335