0 0.07078124999999999 0.109125 0.06398437500000001 0.14325000000000002
0 0.206546875 0.27410416666666665 0.188296875 0.24635416666666668
0 0.346625 0.28545833333333337 0.112984375 0.17183333333333334
0 0.742265625 0.4187291666666667 0.12381249999999999 0.29022916666666665
0 0.942015625 0.5809583333333334 0.11596875 0.2396875
0 0.96371875 0.822375 0.0725625 0.19875
0 0.73115625 0.7545000000000001 0.11825000000000001 0.2812291666666667
0 0.4021875 0.9365833333333333 0.099109375 0.12683333333333333
0 0.10828125 0.9261666666666667 0.141765625 0.14766666666666667
0 0.2780625 0.7230416666666667 0.12859375 0.23683333333333334
0 0.38725 0.6547916666666667 0.080359375 0.16975
0 0.186921875 0.5240208333333334 0.168515625 0.24620833333333333
0 0.368671875 0.4955833333333333 0.0793125 0.110625
0 0.04096875 0.6807083333333334 0.0819375 0.18456250000000002
0 0.023609375 0.3120833333333334 0.04721875 0.11860416666666666
0 0.07182812499999999 0.48702083333333335 0.06884375000000001 0.13514583333333335
0 0.09907812499999999 0.37247916666666664 0.051625 0.06810416666666666
0 0.274 0.9889375 0.0943125 0.022125
0 0.48082812500000005 0.8449166666666666 0.0484375 0.06739583333333334
0 0.27928125000000004 0.5669583333333333 0.0645 0.07237500000000001
0 0.31906249999999997 0.5363541666666667 0.084765625 0.13614583333333333
0 0.12893749999999998 0.74625 0.065078125 0.09147916666666665
0 0.10225 0.6430833333333333 0.054984374999999995 0.0670625
0 0.016953125 0.5008125 0.033890625 0.10797916666666667
0 0.138421875 0.4200625 0.048015625 0.06435416666666667
0 0.295140625 0.39587500000000003 0.05375 0.07747916666666667
0 0.1913125 0.8683125 0.07684375 0.06929166666666667
0 0.180859375 0.7710416666666667 0.052234375 0.128