0 0.18915625 0.23407407407407407 0.13261979166666665 0.20797222222222222
0 0.1460625 0.1630462962962963 0.065171875 0.13535185185185186
0 0.15660416666666668 0.347287037037037 0.036640624999999996 0.08876851851851852
0 0.06807291666666666 0.7274537037037037 0.08833333333333333 0.12065740740740741
0 0.36219270833333334 0.6006388888888889 0.112078125 0.14479629629629628
0 0.5669895833333333 0.719574074074074 0.08008333333333333 0.20674074074074075
0 0.6212812499999999 0.4511574074074074 0.07827083333333333 0.09583333333333334
0 0.5828749999999999 0.2329351851851852 0.06394270833333333 0.09920370370370371
0 0.6395104166666666 0.14362037037037037 0.041817708333333335 0.07797222222222222
0 0.7694479166666667 0.9056388888888889 0.057984375 0.13442592592592592
0 0.894953125 0.8686203703703704 0.06802604166666668 0.09742592592592593
0 0.90171875 0.6207685185185184 0.09198437500000001 0.1526574074074074
0 0.98125 0.5289074074074074 0.0375 0.10319444444444445
0 0.9394843749999999 0.9747685185185185 0.046031249999999996 0.050462962962962966
0 0.18238541666666666 0.43289814814814814 0.05241666666666667 0.045314814814814815