0 0.5396484375 0.09513888888888888 0.0462265625 0.19027777777777777
0 0.6617734375000001 0.11841666666666667 0.0676015625 0.07890277777777778
0 0.8004296875 0.3012361111111111 0.053296875 0.09290277777777778
0 0.8480859374999999 0.2878194444444444 0.0465390625 0.1104861111111111
0 0.9066796874999999 0.5421527777777778 0.1220625 0.22680555555555557
0 0.9764609375 0.6066527777777778 0.047078125 0.14756944444444445
0 0.858765625 0.6911944444444444 0.1460078125 0.32131944444444444
0 0.9221718750000001 0.9342638888888888 0.067640625 0.1314861111111111
0 0.7072109375 0.6330138888888889 0.07307812500000001 0.26511111111111113
0 0.6275234375000001 0.6654166666666667 0.111296875 0.23731944444444444
0 0.51659375 0.6651944444444444 0.0977734375 0.16744444444444445
0 0.373765625 0.43470833333333336 0.1071484375 0.24348611111111113
0 0.4275390625 0.7174722222222223 0.1298125 0.28126388888888887
0 0.10494531250000001 0.7502361111111111 0.2098984375 0.49954166666666666
0 0.2055546875 0.6772222222222223 0.1336796875 0.24704166666666666
0 0.233546875 0.5434722222222222 0.1271796875 0.1925
0 0.26075781249999996 0.4247638888888889 0.0753671875 0.18193055555555557
0 0.1476171875 0.5150277777777778 0.06987499999999999 0.09394444444444444
0 0.022265625 0.3342777777777778 0.04453125 0.20004166666666667
0 0.314265625 0.8662916666666667 0.0594921875 0.15759722222222222
0 0.48977343749999996 0.9469861111111112 0.062640625 0.10601388888888888
0 0.6775156250000001 0.8612083333333334 0.0881953125 0.17518055555555556
0 0.801203125 0.8776388888888889 0.054359375 0.12009722222222222
0 0.366734375 0.789 0.0456953125 0.19744444444444445
0 0.9786640625 0.8952361111111112 0.042671875 0.09972222222222221
0 0.2784609375 0.7792777777777778 0.0503671875 0.1872638888888889
0 0.750296875 0.9287916666666667 0.0599609375 0.08813888888888889
0 0.22195312500000003 0.8963888888888889 0.054007812499999995 0.13443055555555555
0 0.2778125 0.12906944444444446 0.049070312500000005 0.08538888888888889
0 0.167796875 0.034958333333333334 0.04775 0.06990277777777777