0 0.420921875 0.7191041666666667 0.20224999999999999 0.289125
0 0.15653125 0.7306875 0.16999999999999998 0.19191666666666668
0 0.043 0.8241666666666667 0.086 0.19372916666666665
0 0.14056249999999998 0.9161041666666667 0.20750000000000002 0.16779166666666667
0 0.2959375 0.9840208333333333 0.075484375 0.0319375
0 0.477359375 0.9226875 0.17446875 0.15462499999999998
0 0.42960937499999996 0.4333958333333333 0.13453125 0.21285416666666668
0 0.5395 0.09514583333333333 0.15432812499999998 0.19027083333333333
0 0.226625 0.14477083333333332 0.059250000000000004 0.14272916666666668
0 0.025390625 0.042520833333333334 0.050796875 0.08256250000000001
0 0.629828125 0.3172291666666667 0.0694375 0.13385416666666666
0 0.8412968749999999 0.5248125 0.10860937500000001 0.10891666666666668
0 0.516390625 0.4890833333333333 0.08453125 0.12647916666666667
0 0.819546875 0.441 0.097578125 0.096375
0 0.60821875 0.6322083333333333 0.0666875 0.08627083333333332
0 0.610875 0.5612083333333333 0.050265625 0.056916666666666664
0 0.304375 0.896875 0.11303125 0.14502083333333332
0 0.20175 0.5586666666666668 0.04603125 0.1116875
0 0.247609375 0.4778125 0.0670625 0.03275
0 0.872171875 0.7478125 0.06309375 0.08316666666666667
0 0.73303125 0.7378750000000001 0.033265625 0.0610625
0 0.951796875 0.5716875 0.037359375 0.075625
0 0.89221875 0.6257708333333334 0.10012499999999999 0.07583333333333334
0 0.923453125 0.9153333333333333 0.15309375 0.16933333333333334
0 0.64625 0.736875 0.044875 0.039375
0 0.26351562500000003 0.531 0.040546874999999996 0.04422916666666667
0 0.017078125 0.45716666666666667 0.034171875000000004 0.15647916666666667
0 0.28175 0.30472916666666666 0.028499999999999998 0.035895833333333335