0 0.5290781250000001 0.2459375 0.09184375 0.18960416666666668
0 0.11176562500000001 0.656625 0.21814062500000003 0.2660208333333333
0 0.68253125 0.23633333333333334 0.312265625 0.4726875
0 0.62490625 0.8514583333333333 0.1640625 0.27608333333333335
0 0.9723906250000001 0.8681458333333333 0.055203125 0.16129166666666667
0 0.419015625 0.8635208333333334 0.06890625 0.11502083333333334
0 0.19889062500000002 0.9195625 0.060281249999999995 0.11549999999999999
0 0.24732812499999998 0.9203749999999999 0.10325 0.15925
0 0.7235 0.9678333333333333 0.0363125 0.06435416666666667
0 0.501484375 0.7753541666666667 0.053296875 0.147
0 0.584453125 0.8908333333333334 0.0779375 0.14183333333333334
0 0.7533593749999999 0.8582291666666666 0.046046875 0.08537499999999999
0 0.8429375 0.8137708333333333 0.047453125 0.08495833333333333
0 0.34767187499999996 0.8767083333333333 0.076578125 0.19229166666666667
0 0.28135937499999997 0.8630625 0.062015625 0.10483333333333333
0 0.074828125 0.8399166666666668 0.14965625 0.132625
0 0.026000000000000002 0.6418333333333333 0.049390625 0.0883125
0 0.07668749999999999 0.925125 0.051968749999999994 0.12291666666666666
0 0.43776562500000005 0.943375 0.045296875 0.10339583333333334
0 0.7603125000000001 0.9637291666666666 0.0599375 0.0700625
0 0.127546875 0.97825 0.085875 0.043520833333333335