0 0.46021093750000003 0.210875 0.3521875 0.42176388888888894
0 0.8493828125 0.08472222222222223 0.07584375 0.16944444444444445
0 0.1968359375 0.20127777777777775 0.0624140625 0.20022222222222222
0 0.039820312499999996 0.15984722222222222 0.05890625000000001 0.10254166666666667
0 0.021617187500000003 0.3780694444444444 0.043226562499999996 0.16144444444444445
0 0.134984375 0.4935 0.1027890625 0.11108333333333334
0 0.7410703125 0.6165416666666667 0.255359375 0.5978888888888889
0 0.3810703125 0.6400416666666666 0.0977578125 0.26713888888888887
0 0.8262109375 0.31206944444444445 0.111109375 0.15562499999999999
0 0.9258124999999999 0.2037638888888889 0.10201562500000001 0.17975
0 0.7327265625 0.1855277777777778 0.0532890625 0.06506944444444444
0 0.667890625 0.3204166666666666 0.04234375 0.07972222222222222
0 0.94690625 0.07881944444444444 0.054625 0.0780138888888889
0 0.695234375 0.021069444444444443 0.055367187500000005 0.042124999999999996
0 0.5498046875 0.6557499999999999 0.051960937500000005 0.08756944444444444
0 0.227046875 0.8411111111111111 0.0646640625 0.12887500000000002
0 0.27014062499999997 0.7906666666666666 0.0383671875 0.072375
0 0.47806249999999995 0.855 0.0417890625 0.119625
0 0.5723203125 0.892 0.048812499999999995 0.08398611111111111
0 0.80290625 0.42870833333333336 0.0561640625 0.09261111111111112
0 0.49251562499999996 0.4020972222222222 0.07278124999999999 0.09030555555555556
0 0.5611328125 0.4502361111111111 0.0579453125 0.07547222222222223