0 0.2953984375 0.16952777777777778 0.0659765625 0.11127777777777778
0 0.350734375 0.18341666666666667 0.051664062499999996 0.10201388888888889
0 0.232515625 0.30675 0.06935156249999999 0.1588611111111111
0 0.1047890625 0.36715277777777783 0.0721953125 0.089875
0 0.22548437500000001 0.05579166666666667 0.057374999999999995 0.11156944444444444
0 0.42455468749999997 0.506 0.0785 0.12680555555555556
0 0.30815625 0.9504583333333334 0.0665 0.09906944444444445
0 0.3400546875 0.8695416666666668 0.0678046875 0.12519444444444444
0 0.6106015625000001 0.7730416666666667 0.05275 0.09609722222222222
0 0.54134375 0.9319444444444445 0.0766953125 0.1361111111111111
0 0.4707734375 0.7135694444444444 0.0667890625 0.11140277777777777
0 0.38015625000000003 0.8315833333333333 0.050109375 0.13447222222222222
0 0.383796875 0.45902777777777776 0.053234375 0.08379166666666667
0 0.2598515625 0.4659861111111111 0.030296875 0.04116666666666667
0 0.278203125 0.4275555555555555 0.0350625 0.03938888888888889
0 0.3244296875 0.4393611111111111 0.0467734375 0.06761111111111111
0 0.029429687500000003 0.4666944444444444 0.058851562499999996 0.1277222222222222
0 0.041125 0.40444444444444444 0.071921875 0.08093055555555556
0 0.14371875 0.4243472222222222 0.054234375 0.08743055555555555
0 0.2903203125 0.8714027777777777 0.057906250000000006 0.10297222222222223
0 0.2222265625 0.9239305555555556 0.050859375 0.12006944444444445
0 0.1524375 0.9493888888888888 0.044601562500000004 0.06913888888888889
0 0.08903124999999999 0.8491944444444444 0.0386015625 0.05855555555555555
0 0.0125 0.6173055555555556 0.025 0.10405555555555555
0 0.015101562499999999 0.7399583333333333 0.0302109375 0.08084722222222222
0 0.255296875 0.7871666666666667 0.042015625 0.08266666666666667
0 0.2448828125 0.6955277777777777 0.042015625 0.08456944444444445
0 0.3728671875 0.6494722222222222 0.033437499999999995 0.08043055555555555
0 0.7729609375 0.2419861111111111 0.0483515625 0.08176388888888889
0 0.8031640624999999 0.13669444444444445 0.040023437499999995 0.05623611111111111
0 0.7797265624999999 0.4109027777777778 0.027687499999999997 0.06161111111111111
0 0.829203125 0.38454166666666667 0.029609375 0.05593055555555556
0 0.8337656250000001 0.2852638888888889 0.0387265625 0.06466666666666666
0 0.6668515625 0.08877777777777777 0.0340078125 0.06551388888888889
0 0.7241328125 0.08229166666666667 0.034015625 0.07106944444444445
0 0.7766015625 0.07905555555555556 0.042265625 0.07384722222222223
0 0.7517421875 0.03140277777777778 0.0413125 0.04923611111111111
0 0.5776640625 0.3778055555555555 0.04021875 0.08338888888888889
0 0.6171171875 0.34656944444444443 0.0345234375 0.07183333333333333
0 0.4999375 0.40858333333333335 0.0397109375 0.0662361111111111
0 0.49889062500000003 0.8230416666666667 0.04153125 0.06644444444444444
0 0.5475859375 0.7788611111111111 0.050375 0.119125
0 0.57584375 0.7182083333333333 0.041546875 0.065125
0 0.7457499999999999 0.5196805555555556 0.0376640625 0.06341666666666666
0 0.7966562500000001 0.4479444444444444 0.0374140625 0.068
0 0.8603203125000001 0.36325 0.0376875 0.07998611111111112
0 0.9077109374999999 0.4558055555555556 0.032484374999999996 0.06152777777777777
0 0.9280234374999999 0.6087777777777778 0.0418671875 0.07504166666666667
0 0.9289375 0.5111111111111111 0.0332734375 0.057402777777777775
0 0.6611171875 0.3387222222222222 0.035046875 0.0642361111111111
0 0.7197109375 0.36300000000000004 0.0376640625 0.05377777777777778
0 0.534828125 0.35974999999999996 0.032421875 0.05655555555555555
0 0.144625 0.6094444444444445 0.039390625 0.06055555555555556
0 0.07171875 0.5971805555555556 0.039382812499999996 0.07769444444444444
0 0.0387734375 0.24475 0.050570312500000006 0.053375
0 0.0793984375 0.2373472222222222 0.0422421875 0.05708333333333333
0 0.6481015625000001 0.27991666666666665 0.0298359375 0.049652777777777775
0 0.67765625 0.22808333333333333 0.030625000000000003 0.05709722222222222