0 0.6190781249999999 0.19402083333333334 0.19221875 0.3052708333333333
0 0.548875 0.6384375 0.127140625 0.15358333333333332
0 0.491375 0.8601041666666667 0.27923437500000003 0.27449999999999997
0 0.57384375 0.9748958333333333 0.120015625 0.050208333333333334
0 0.3618125 0.40395833333333336 0.07032812499999999 0.08325
0 0.04009375 0.28356250000000005 0.0801875 0.10714583333333333
0 0.17590625 0.29175 0.056874999999999995 0.087
0 0.118109375 0.38456250000000003 0.055453125000000006 0.06879166666666667
0 0.8636250000000001 0.17058333333333334 0.0856875 0.11239583333333333
0 0.846515625 0.8328333333333333 0.062859375 0.093375
0 0.8535 0.5869166666666668 0.0858125 0.09237500000000001