0 0.1129921875 0.12904166666666667 0.0427734375 0.08122222222222222
0 0.273921875 0.35506944444444444 0.1584140625 0.3990416666666667
0 0.652015625 0.08472222222222223 0.1522265625 0.16944444444444445
0 0.9252890624999999 0.20956944444444442 0.061390625 0.094125
0 0.8423515625 0.28825 0.03575 0.06631944444444444
0 0.8767265625 0.4189861111111111 0.05175 0.11945833333333335
0 0.8880078125 0.6029305555555555 0.070078125 0.09344444444444444
0 0.8354687500000001 0.597013888888889 0.031875 0.05443055555555555
0 0.737921875 0.7962499999999999 0.063609375 0.09180555555555554
0 0.55259375 0.913375 0.1569296875 0.17326388888888888
0 0.45601562500000004 0.7433055555555554 0.0590703125 0.10051388888888889
0 0.41959375000000004 0.5730416666666667 0.0830859375 0.13845833333333332
0 0.3287734375 0.7361944444444444 0.0654921875 0.14529166666666665
0 0.2184375 0.8050972222222221 0.0635234375 0.14073611111111112
0 0.14939843749999998 0.6763055555555556 0.094171875 0.18177777777777776
0 0.14422656250000002 0.4224027777777778 0.1025703125 0.10105555555555557
0 0.119125 0.28355555555555556 0.0726875 0.08726388888888889
0 0.0234375 0.5327916666666667 0.046875 0.08572222222222223
0 0.7815703125 0.8486666666666666 0.075921875 0.10634722222222222
0 0.6341249999999999 0.8521388888888889 0.0387890625 0.07163888888888889