0 0.259859375 0.8960694444444444 0.21778124999999998 0.20787499999999998
0 0.07080468749999999 0.9423611111111111 0.064640625 0.11527777777777778
0 0.019664062500000003 0.6932083333333333 0.039320312499999996 0.10772222222222222
0 0.0287734375 0.5539027777777777 0.0575546875 0.11613888888888889
0 0.4716875 0.47775 0.1248515625 0.2462361111111111
0 0.26453906250000003 0.35997222222222225 0.0625859375 0.12643055555555555
0 0.4821015625 0.14894444444444443 0.04153125 0.07473611111111111
0 0.48952343750000005 0.03611111111111111 0.07095312499999999 0.07222222222222222
0 0.65734375 0.16051388888888887 0.0504140625 0.08861111111111111
0 0.7444531249999999 0.20422222222222222 0.10797656250000001 0.20845833333333333
0 0.8223046875 0.09874999999999999 0.08246875000000001 0.11361111111111111
0 0.6954921875 0.06843055555555556 0.044101562500000004 0.04925
0 0.7991328125 0.4394027777777778 0.1131875 0.19156944444444446
0 0.7331171875 0.03031944444444444 0.0394921875 0.06065277777777778
0 0.8233515625000001 0.01875 0.049140625 0.0375
0 0.979296875 0.15518055555555557 0.04140625 0.1103611111111111
0 0.9578125 0.4002361111111111 0.084375 0.12363888888888888
0 0.9341484375 0.5252083333333333 0.095765625 0.13281944444444443
0 0.598625 0.6400277777777778 0.055874999999999994 0.11902777777777779
0 0.6720546875 0.566625 0.0340078125 0.10918055555555556
0 0.6068203125 0.8322916666666667 0.0777109375 0.12197222222222222
0 0.442390625 0.9099583333333333 0.0662578125 0.18009722222222221
0 0.315578125 0.7531388888888889 0.07509375 0.12109722222222222
0 0.23185937499999998 0.7168194444444445 0.06804687499999999 0.10862499999999999
0 0.8226953124999999 0.8422361111111111 0.07908593750000001 0.09095833333333332
0 0.8982109375 0.9284722222222223 0.09471874999999999 0.14305555555555555
0 0.98125 0.9107361111111112 0.0375 0.07980555555555556