0 0.17405208333333333 0.43406481481481485 0.08991145833333333 0.11427777777777778
0 0.07434895833333334 0.6453425925925926 0.14869791666666668 0.4553981481481481
0 0.313625 0.2753333333333333 0.11284895833333333 0.23728703703703702
0 0.2823802083333333 0.786212962962963 0.1857552083333333 0.2659444444444445
0 0.17508854166666668 0.7774722222222222 0.047572916666666666 0.09412037037037038
0 0.47206770833333334 0.8899074074074075 0.05559895833333333 0.13999074074074075
0 0.5931510416666667 0.9701388888888889 0.07380729166666668 0.059722222222222225
0 0.31909375 0.9082314814814815 0.08629166666666667 0.15205555555555555
0 0.5608645833333333 0.5973981481481482 0.0613125 0.1290740740740741
0 0.6061770833333333 0.6918611111111111 0.06680729166666667 0.12647222222222224
0 0.6952291666666667 0.7547592592592592 0.069625 0.1289722222222222
0 0.7542135416666667 0.8316388888888888 0.06501041666666667 0.18024074074074073
0 0.8870104166666667 0.8107592592592593 0.07558333333333334 0.13911111111111113
0 0.9487291666666666 0.7566574074074075 0.06660416666666666 0.14501851851851852