0 0.644203125 0.7351041666666667 0.178265625 0.35841666666666666
0 0.6504531250000001 0.199875 0.134515625 0.30183333333333334
0 0.148015625 0.12256249999999999 0.131578125 0.24514583333333334
0 0.24696875000000001 0.12127083333333334 0.06909375 0.12033333333333333
0 0.442 0.7132708333333333 0.1113125 0.16891666666666666
0 0.49603125 0.9307291666666667 0.083984375 0.13854166666666667
0 0.486265625 0.018395833333333333 0.081375 0.036812500000000005
0 0.578046875 0.22041666666666665 0.049859375 0.10847916666666667
0 0.827 0.20545833333333335 0.07309375 0.16020833333333334
0 0.887921875 0.26445833333333335 0.0658125 0.0976875
0 0.53834375 0.6301458333333334 0.074875 0.08254166666666667
0 0.40475000000000005 0.3993541666666667 0.06940625 0.122125
0 0.5077499999999999 0.3134166666666667 0.048828125 0.09141666666666667
0 0.05921875 0.42433333333333334 0.053953125000000005 0.08604166666666666
0 0.22937500000000002 0.6161041666666667 0.03896875 0.07177083333333334
0 0.255171875 0.5407708333333333 0.039671875 0.08085416666666667
0 0.24006249999999998 0.3346041666666667 0.055109375 0.08147916666666667
0 0.727 0.4422291666666667 0.07515625000000001 0.15789583333333335
0 0.963828125 0.3465625 0.046921875 0.050083333333333334
0 0.225875 0.786875 0.043578125 0.066125
0 0.39746875 0.8540416666666667 0.07015625 0.09281249999999999
0 0.769703125 0.32437499999999997 0.06231250000000001 0.09152083333333333
0 0.83115625 0.3281875 0.05434375 0.09083333333333334
0 0.5564375 0.879375 0.046484375 0.08097916666666666
0 0.89234375 0.8658541666666667 0.05240625 0.07475000000000001
0 0.9446875 0.8569791666666667 0.047703125 0.123
0 0.8318125000000001 0.4876666666666667 0.06934375000000001 0.10656249999999999
0 0.0743125 0.6299791666666666 0.0595625 0.1411875
0 0.02015625 0.8144791666666666 0.038328125000000005 0.08310416666666667
0 0.10153125 0.7172916666666667 0.044859375 0.04152083333333333
0 0.130171875 0.974125 0.050062499999999996 0.051729166666666666
0 0.30125 0.31185416666666665 0.047296875 0.06397916666666667