0 0.6941875 0.3600625 0.285953125 0.3734166666666667
0 0.808921875 0.835875 0.240484375 0.32825
0 0.42699999999999994 0.7459791666666666 0.1154375 0.10212500000000001
0 0.178234375 0.6846875 0.09559375 0.16395833333333334
0 0.0296875 0.5243333333333333 0.059375 0.22077083333333333
0 0.97153125 0.5613125 0.056937499999999995 0.1309375
0 0.904046875 0.5222291666666666 0.06085937500000001 0.05370833333333334
0 0.642953125 0.7385625 0.05853125 0.10583333333333332
0 0.292296875 0.5960208333333333 0.06540625 0.13554166666666667
0 0.27128125000000003 0.15708333333333335 0.11825000000000001 0.16362500000000002
0 0.47074999999999995 0.08093750000000001 0.05571875 0.10758333333333334
0 0.6309843749999999 0.13485416666666666 0.079015625 0.11547916666666666
0 0.71309375 0.14016666666666666 0.07103125 0.0816875
0 0.8844218749999999 0.10425 0.094546875 0.20852083333333335
0 0.927140625 0.13135416666666666 0.06309375 0.09510416666666667
0 0.27753125 0.34568750000000004 0.063671875 0.22622916666666668
0 0.039234375 0.2526041666666667 0.07846875 0.13391666666666666
0 0.11174999999999999 0.2889791666666667 0.148703125 0.1313125
0 0.069046875 0.12739583333333332 0.06446874999999999 0.16591666666666666
0 0.117484375 0.04652083333333333 0.085171875 0.0930625
0 0.524734375 0.3937708333333333 0.041828125 0.11068750000000001
0 0.8811249999999999 0.31277083333333333 0.098359375 0.08758333333333333
0 0.7853125000000001 0.05 0.0655 0.1
0 0.15046874999999998 0.5168958333333333 0.081703125 0.08747916666666668
0 0.33378125000000003 0.5349583333333333 0.10395312500000001 0.0976875
0 0.45737500000000003 0.5122708333333333 0.07378124999999999 0.07822916666666666
0 0.651109375 0.5731458333333334 0.11403125 0.10002083333333332
0 0.25775000000000003 0.03958333333333333 0.05645312500000001 0.07916666666666666
0 0.0305 0.04420833333333333 0.036015625 0.08841666666666666