0 0.4468203125 0.7803194444444445 0.156359375 0.4393472222222222
0 0.234859375 0.9631944444444445 0.10111718750000001 0.07361111111111111
0 0.0692421875 0.9238472222222222 0.057343750000000006 0.15231944444444445
0 0.6293515625 0.4634166666666667 0.0673359375 0.15275
0 0.50696875 0.4761388888888889 0.0516875 0.16431944444444443
0 0.774265625 0.6964305555555556 0.061367187499999996 0.19749999999999998
0 0.7121562499999999 0.6066666666666667 0.0566015625 0.11054166666666668
0 0.829078125 0.7871666666666667 0.07934375 0.08266666666666667
0 0.8224375 0.25861111111111107 0.0848125 0.19222222222222224
0 0.5186875 0.2643888888888889 0.0959609375 0.23618055555555556
0 0.6974453125 0.389125 0.05354687500000001 0.15695833333333334
0 0.8232109375000001 0.08472222222222223 0.0781953125 0.16944444444444445
0 0.9194375000000001 0.10476388888888889 0.06009375 0.07380555555555555
0 0.9785468749999999 0.4534722222222222 0.0429140625 0.10972222222222222
0 0.8721640624999999 0.5724166666666667 0.0615234375 0.07909722222222222
0 0.60409375 0.7936388888888888 0.0397265625 0.09562499999999999
0 0.380671875 0.40534722222222225 0.0386484375 0.06901388888888889
0 0.3045078125 0.5434722222222222 0.063375 0.17398611111111112
0 0.291234375 0.27968055555555554 0.0743125 0.1093611111111111
0 0.1771796875 0.2706527777777778 0.06283593750000001 0.12370833333333332
0 0.2387578125 0.22626388888888888 0.056851562499999994 0.11322222222222221
0 0.08746875 0.7344027777777777 0.041726562499999995 0.06973611111111111
0 0.592640625 0.30930555555555556 0.0522265625 0.09452777777777778
0 0.6315625 0.9114305555555556 0.0386484375 0.06731944444444445
0 0.43288281250000005 0.2815416666666667 0.0514140625 0.07604166666666666
0 0.6789609375000001 0.07905555555555556 0.0436484375 0.07384722222222223
0 0.5436796875 0.016430555555555556 0.0251328125 0.032875
0 0.304640625 0.01875 0.05321875 0.0375
0 0.23029687499999998 0.5066944444444444 0.0399296875 0.09580555555555556