0 0.0567421875 0.16331944444444446 0.05109375000000001 0.1094861111111111
0 0.23472656249999999 0.3819444444444444 0.11960937499999999 0.26758333333333334
0 0.152046875 0.6649722222222222 0.06882031250000001 0.15308333333333332
0 0.317140625 0.8891249999999999 0.124046875 0.22176388888888887
0 0.23342187499999997 0.9024027777777778 0.049648437499999996 0.13720833333333335
0 0.362703125 0.6999166666666666 0.0347890625 0.1535277777777778
0 0.41010156249999996 0.6816249999999999 0.0662578125 0.18640277777777778
0 0.545375 0.7080277777777777 0.06393750000000001 0.10030555555555555
0 0.6151640625 0.7156527777777778 0.07228124999999999 0.11094444444444444
0 0.663078125 0.8334444444444445 0.08061718749999999 0.13818055555555556
0 0.600453125 0.5730972222222223 0.078265625 0.14065277777777777
0 0.3464375 0.18618055555555557 0.1201484375 0.1445972222222222
0 0.45553125000000005 0.34308333333333335 0.06159375 0.15283333333333335
0 0.516734375 0.087375 0.07121875 0.10901388888888888
0 0.6280546874999999 0.2856944444444444 0.0438984375 0.093625
0 0.6699765625 0.33822222222222226 0.069421875 0.12922222222222224
0 0.7113828125 0.4518333333333333 0.085578125 0.1759027777777778
0 0.7531718749999999 0.5626805555555555 0.046265625 0.1614861111111111
0 0.7318203125 0.8049722222222223 0.078546875 0.1951111111111111
0 0.7694453125 0.43356944444444445 0.0475703125 0.07918055555555556
0 0.8483437500000001 0.7452777777777778 0.061640625000000004 0.114625
0 0.8259531250000001 0.9125833333333333 0.07517968750000001 0.15756944444444446
0 0.8674843750000001 0.2401111111111111 0.05200781249999999 0.08115277777777778
0 0.2562109375 0.7695694444444445 0.0688359375 0.12155555555555556
0 0.17222656249999999 0.8246527777777778 0.06789062500000001 0.12984722222222222
0 0.0307265625 0.3081805555555555 0.0614609375 0.10679166666666667
0 0.9255546875 0.140375 0.04525 0.06223611111111112
0 0.584953125 0.17070833333333332 0.02853125 0.057652777777777775
0 0.8876640625000001 0.9631944444444445 0.092375 0.07361111111111111