0 0.6738828125 0.10430555555555555 0.0459921875 0.12101388888888888
0 0.7346874999999999 0.10009722222222221 0.067609375 0.13909722222222223
0 0.6785703125 0.4969722222222222 0.0886953125 0.10413888888888889
0 0.651875 0.4020972222222222 0.056140625 0.10881944444444444
0 0.06546874999999999 0.8799444444444444 0.12478906249999999 0.20802777777777778
0 0.1635078125 0.8757777777777777 0.0771484375 0.17193055555555556
0 0.2280859375 0.7311666666666667 0.073 0.10954166666666668
0 0.3834140625 0.9585694444444444 0.1086953125 0.082875
0 0.8863671875 0.960875 0.1106015625 0.0782361111111111
0 0.7447109375000001 0.7186388888888888 0.1855703125 0.2974583333333333
0 0.839234375 0.5457638888888888 0.189234375 0.3359722222222222
0 0.975390625 0.33243055555555556 0.04921875 0.17781944444444445
0 0.590546875 0.4567083333333333 0.079015625 0.14395833333333335
0 0.6121640625 0.6825555555555556 0.08578125 0.16973611111111112
0 0.8754296874999999 0.18965277777777778 0.06997656249999999 0.15616666666666668
0 0.1254921875 0.48840277777777774 0.1219375 0.18420833333333334
0 0.213109375 0.5453472222222222 0.043046875 0.08512499999999999
0 0.2633671875 0.4724444444444445 0.0727421875 0.10137499999999999
0 0.6434140625 0.9109722222222222 0.054531249999999996 0.07565277777777778