0 0.027307291666666667 0.3646851851851852 0.05461979166666667 0.11651851851851852
0 0.08132291666666666 0.49655555555555553 0.07522395833333334 0.26062962962962966
0 0.4803489583333333 0.060861111111111116 0.16572395833333334 0.12173148148148148
0 0.6383541666666667 0.20735185185185184 0.11686979166666665 0.1875925925925926
0 0.8685833333333334 0.06701851851851852 0.06605208333333333 0.13403703703703704
0 0.52675 0.45866666666666667 0.17384895833333333 0.3885925925925926
0 0.476671875 0.22592592592592592 0.17323958333333334 0.18377777777777776
0 0.74034375 0.8167685185185185 0.19199479166666666 0.3381574074074074
0 0.9087447916666667 0.9320277777777778 0.08946354166666667 0.13594444444444445
0 0.5845208333333333 0.8063055555555555 0.10000520833333333 0.23160185185185184
0 0.945859375 0.3400648148148148 0.10828645833333334 0.15521296296296297
0 0.053828125 0.9497962962962962 0.10765625 0.10041666666666667
0 0.242 0.46123148148148146 0.090296875 0.11258333333333334
0 0.024442708333333334 0.8236574074074073 0.04888020833333333 0.1443611111111111
0 0.2773125 0.9654537037037038 0.09708854166666667 0.06910185185185184
0 0.6500208333333333 0.9355462962962963 0.05290104166666666 0.12890740740740741
0 0.5336666666666667 0.9461018518518518 0.06558333333333334 0.10779629629629629