0 0.5727239583333333 0.3358888888888889 0.151953125 0.2634444444444444
0 0.4949895833333333 0.57125 0.10689062499999999 0.17397222222222222
0 0.266625 0.7077685185185185 0.15216145833333333 0.23405555555555554
0 0.435359375 0.9107222222222222 0.106359375 0.1723796296296296
0 0.3196145833333333 0.2058425925925926 0.11025 0.19780555555555554
0 0.21297395833333335 0.18530555555555556 0.10303124999999999 0.15346296296296297
0 0.03268229166666667 0.46040740740740743 0.06536458333333334 0.13285185185185183
0 0.8112447916666666 0.782074074074074 0.07959374999999999 0.11876851851851852
0 0.9320572916666666 0.9202222222222223 0.08755208333333334 0.13117592592592592
0 0.08122395833333333 0.32966666666666666 0.10630208333333332 0.11673148148148148
0 0.8389687499999999 0.6533981481481481 0.127265625 0.13456481481481483
0 0.03258333333333333 0.15890740740740741 0.06516666666666666 0.14455555555555555
0 0.7417760416666667 0.7726666666666667 0.06110416666666666 0.15912037037037036
0 0.22766666666666666 0.9178240740740741 0.05788541666666667 0.09387962962962963