0 0.083625 0.2875 0.167234375 0.41439583333333335
0 0.26821875 0.9511041666666666 0.10340625 0.09779166666666667
0 0.037953125 0.940875 0.075921875 0.09635416666666667
0 0.325 0.12739583333333332 0.08687500000000001 0.11702083333333334
0 0.484375 0.288875 0.08060937500000001 0.11654166666666667
0 0.72209375 0.11083333333333334 0.066109375 0.09535416666666667
0 0.96290625 0.023020833333333334 0.07418749999999999 0.04604166666666667
0 0.62421875 0.34422916666666664 0.06209375 0.063625
0 0.93296875 0.9036041666666667 0.07596875 0.0826875
0 0.296609375 0.6078333333333333 0.070375 0.08095833333333333
0 0.563859375 0.27289583333333334 0.042640625 0.06937499999999999
0 0.978890625 0.5283333333333333 0.042234375000000005 0.0665625
0 0.37665625 0.7653125000000001 0.04478125 0.08147916666666667
0 0.38464062499999996 0.4383958333333334 0.061625 0.09758333333333334