0 0.07666406249999999 0.3493611111111111 0.06593750000000001 0.08923611111111111
0 0.11090625000000001 0.24962499999999999 0.057351562499999995 0.07112500000000001
0 0.156734375 0.3132638888888889 0.0594453125 0.08736111111111111
0 0.06328125 0.9527777777777777 0.1265625 0.09444444444444444
0 0.47142968749999997 0.79825 0.1514140625 0.23445833333333332
0 0.079921875 0.7652222222222222 0.145359375 0.18806944444444443
0 0.8707421875 0.9273194444444444 0.10017968749999999 0.145375
0 0.6711484375000001 0.8253888888888888 0.0801015625 0.16033333333333333
0 0.44135156249999996 0.5187638888888889 0.08917968750000001 0.12080555555555555
0 0.9174843750000001 0.5514027777777778 0.11867968749999999 0.18979166666666666
0 0.6958828125000001 0.5463194444444445 0.0879140625 0.2092222222222222
0 0.5000703125 0.5650000000000001 0.0628828125 0.15686111111111112
0 0.57284375 0.31045833333333334 0.05014062500000001 0.11073611111111112
0 0.3780703125 0.1748888888888889 0.0542734375 0.11411111111111111
0 0.342140625 0.11120833333333333 0.06364062499999999 0.1057638888888889
0 0.28810156249999996 0.27343055555555557 0.049312499999999995 0.12926388888888887
0 0.33692968749999996 0.2959027777777778 0.0428046875 0.07115277777777777
0 0.267796875 0.42065277777777776 0.06909375 0.1503611111111111
0 0.1842109375 0.5007083333333333 0.049812499999999996 0.07358333333333333
0 0.18355468749999998 0.423875 0.0735078125 0.07909722222222222
0 0.3843203125 0.4734027777777778 0.0415546875 0.10041666666666667
0 0.971484375 0.4809861111111111 0.05703125 0.2804861111111111
0 0.490046875 0.9620416666666666 0.080328125 0.07593055555555556
0 0.1744453125 0.8256111111111112 0.076109375 0.12747222222222224
0 0.24787499999999998 0.8422638888888888 0.05425 0.09416666666666666
0 0.6389921875 0.7332500000000001 0.0741015625 0.09056944444444444
0 0.97734375 0.95625 0.0453125 0.0875
0 0.645234375 0.9238472222222222 0.0842109375 0.15231944444444445
0 0.7891015625 0.943513888888889 0.07767968750000001 0.11295833333333333
0 0.90003125 0.7924861111111111 0.049539062499999995 0.07941666666666666
0 0.8160546875 0.7573194444444444 0.0404375 0.08315277777777777
0 0.9440390624999999 0.7825416666666666 0.038593749999999996 0.07341666666666667
0 0.7447109375000001 0.7293333333333334 0.03975 0.07929166666666668
0 0.78115625 0.7045555555555555 0.0435703125 0.07022222222222223
0 0.7930078125 0.6531805555555555 0.0490390625 0.06933333333333333
0 0.353984375 0.9655138888888888 0.0477578125 0.06898611111111111
0 0.5111328125 0.13458333333333333 0.0746015625 0.12934722222222222
0 0.7717890625 0.1362361111111111 0.037671875 0.10344444444444445
0 0.83259375 0.03611111111111111 0.059296875000000006 0.07222222222222222
0 0.432625 0.12208333333333334 0.0261796875 0.113625
0 0.5233749999999999 0.49562500000000004 0.044921875 0.11154166666666666
0 0.623234375 0.5659583333333333 0.040515625 0.06344444444444444
0 0.618546875 0.47294444444444445 0.043859375 0.09208333333333332
0 0.6503125 0.4023611111111111 0.0384296875 0.08047222222222222
0 0.3032109375 0.7909027777777778 0.0399375 0.13208333333333333
0 0.36232031249999996 0.8593888888888889 0.0519296875 0.06918055555555556
0 0.916828125 0.42616666666666664 0.070109375 0.10140277777777779