0 0.033984375 0.5448703703703704 0.06796875 0.16750925925925925
0 0.09502604166666666 0.48956481481481484 0.08391145833333334 0.12635185185185185
0 0.23432812500000003 0.5654444444444444 0.10615625 0.25960185185185186
0 0.326515625 0.45489814814814816 0.10530208333333334 0.15594444444444444
0 0.4788385416666667 0.7056851851851852 0.07955208333333334 0.253037037037037
0 0.23224479166666667 0.2891666666666667 0.060322916666666664 0.10519444444444444
0 0.5552708333333333 0.44027777777777777 0.04622916666666667 0.125
0 0.6497864583333333 0.022222222222222223 0.085515625 0.044444444444444446
0 0.8793333333333333 0.06157407407407407 0.07779166666666668 0.12314814814814815
0 0.9149999999999999 0.35764814814814816 0.11333333333333333 0.20512037037037037
0 0.8338854166666666 0.4476759259259259 0.09433854166666666 0.17683333333333331
0 0.9307656249999999 0.5673796296296296 0.10774479166666667 0.25505555555555554
0 0.7952291666666667 0.8001203703703703 0.11579687500000001 0.1270925925925926
0 0.8853229166666666 0.8325555555555555 0.07102083333333334 0.14137037037037037
0 0.7210104166666667 0.5050833333333333 0.053473958333333335 0.06941666666666667
0 0.5581354166666667 0.9400462962962963 0.08736979166666667 0.11990740740740741
0 0.3686979166666667 0.727462962962963 0.052187500000000005 0.08362962962962962
0 0.4262447916666667 0.7966481481481481 0.03605208333333333 0.09700925925925925
0 0.3067239583333333 0.9574074074074074 0.061552083333333334 0.08518518518518518
0 0.053619791666666666 0.8302037037037037 0.05734375 0.08541666666666667
0 0.22626041666666669 0.9290277777777778 0.03272395833333333 0.06545370370370371
0 0.19839583333333335 0.8359907407407408 0.03429166666666667 0.09235185185185185
0 0.18081770833333335 0.52775 0.027786458333333333 0.10550925925925926