0 0.4430390625 0.03958333333333333 0.08839843750000001 0.07916666666666666
0 0.426375 0.40995833333333337 0.052976562500000005 0.13380555555555557
0 0.4727265625 0.39931944444444445 0.049859375 0.08476388888888889
0 0.4060703125 0.6825555555555556 0.09984375 0.18825
0 0.2566015625 0.7031527777777777 0.065453125 0.1322361111111111
0 0.0509140625 0.9226805555555556 0.10182031250000001 0.15462499999999998
0 0.594984375 0.6341527777777778 0.208984375 0.39238888888888884
0 0.47493749999999996 0.7707361111111111 0.0352890625 0.06369444444444444
0 0.6094296875 0.8558888888888889 0.06290625 0.10437500000000001
0 0.8402734374999999 0.8056666666666668 0.07257812500000001 0.17522222222222222
0 0.8887109375 0.6825555555555556 0.079875 0.1512222222222222
0 0.7535624999999999 0.4532222222222222 0.157453125 0.16941666666666666
0 0.6417265624999999 0.36574999999999996 0.0712421875 0.18891666666666668
0 0.7423671875 0.7656388888888889 0.0392265625 0.11831944444444444
0 0.9760390624999999 0.24456944444444445 0.0479140625 0.31270833333333337