0 0.633234375 0.8706041666666666 0.18590625 0.25879166666666664
0 0.179640625 0.74225 0.19003125 0.2058125
0 0.30843750000000003 0.4627291666666667 0.09215625 0.1467291666666667
0 0.17285937499999998 0.24706250000000002 0.08206250000000001 0.10429166666666667
0 0.602515625 0.5729166666666666 0.108171875 0.11435416666666667
0 0.5214375 0.507625 0.10120312499999999 0.11616666666666667
0 0.39228125 0.0964375 0.092890625 0.10897916666666667
0 0.9803124999999999 0.9262291666666667 0.039375 0.13935416666666667
0 0.8840468749999999 0.9370833333333334 0.087515625 0.11158333333333334
0 0.878484375 0.7917708333333333 0.10149999999999999 0.12535416666666668
0 0.8041406249999999 0.6211458333333333 0.064671875 0.09237500000000001
0 0.83925 0.48500000000000004 0.08009374999999999 0.08860416666666666
0 0.8817656250000001 0.42108333333333337 0.057843750000000006 0.07943750000000001
0 0.8803281249999999 0.5614375 0.043578125 0.071875
0 0.640484375 0.1996666666666667 0.086625 0.10177083333333334
0 0.589828125 0.43554166666666666 0.06521875 0.09618750000000001
0 0.642765625 0.30183333333333334 0.0478125 0.07822916666666666
0 0.546734375 0.7213958333333333 0.09403125 0.0835625
0 0.26565625000000004 0.04525 0.062875 0.07008333333333333
0 0.8829062499999999 0.0848125 0.05859375 0.08227083333333333