0 0.015104166666666667 0.09505555555555555 0.030208333333333334 0.13951851851851851
0 0.48430208333333336 0.21842592592592594 0.168609375 0.36036111111111113
0 0.7577395833333332 0.5549814814814815 0.32618749999999996 0.6136666666666667
0 0.33536979166666664 0.5562592592592592 0.10842708333333334 0.16618518518518519
0 0.379625 0.7682407407407408 0.13633854166666665 0.26073148148148145
0 0.4731197916666667 0.7989444444444445 0.11730729166666666 0.25159259259259265
0 0.25880729166666666 0.7427314814814815 0.07177604166666667 0.12342592592592594
0 0.61046875 0.9331018518518519 0.11624999999999999 0.1337962962962963
0 0.48144791666666664 0.9643518518518519 0.04022916666666666 0.0712962962962963
0 0.8943072916666667 0.0744537037037037 0.07648958333333335 0.12053703703703704
0 0.6035677083333333 0.3092962962962963 0.05922395833333333 0.1130462962962963