0 0.324171875 0.17268055555555556 0.1672734375 0.345375
0 0.0757578125 0.16054166666666667 0.11203125 0.17056944444444444
0 0.8098124999999999 0.3170138888888889 0.159546875 0.3391388888888889
0 0.93046875 0.5965138888888889 0.1390625 0.15047222222222223
0 0.1083046875 0.6270694444444445 0.1042265625 0.16345833333333332
0 0.21818749999999998 0.8649027777777778 0.09278125000000001 0.21961111111111112
0 0.27990624999999997 0.7001944444444445 0.0891484375 0.18386111111111111
0 0.2235234375 0.725125 0.12360156250000001 0.19933333333333333
0 0.053515625 0.8694444444444445 0.10703125 0.2611111111111111
0 0.5534453125 0.48331944444444447 0.0550859375 0.10923611111111112
0 0.022265625 0.39216666666666666 0.04453125 0.06380555555555555