0 0.376265625 0.5 0.5005885416666667 1
0 0.03528645833333333 0.22573148148148148 0.07057291666666667 0.2838796296296296
0 0.12366145833333334 0.4956481481481481 0.098359375 0.27814814814814814
0 0.70890625 0.3028703703703704 0.124375 0.19611111111111112
0 0.9252604166666667 0.1035648148148148 0.14947916666666666 0.2062037037037037
0 0.83728125 0.7378333333333333 0.14366145833333333 0.34049074074074076
0 0.623109375 0.8972222222222223 0.13191145833333334 0.20555555555555555
0 0.1744375 0.8072962962962963 0.080125 0.10903703703703704
0 0.25633333333333336 0.8230185185185185 0.09547395833333333 0.2145462962962963
0 0.29162499999999997 0.950462962962963 0.09175520833333332 0.09907407407407408
0 0.123921875 0.6860740740740741 0.07284375000000001 0.15191666666666667
0 0.6259635416666666 0.46507407407407403 0.04567708333333333 0.09855555555555555
0 0.7465260416666666 0.9678240740740741 0.05242708333333333 0.06435185185185185
0 0.9662760416666667 0.7210185185185186 0.06744791666666666 0.15148148148148147
0 0.7038281249999999 0.44655555555555554 0.053807291666666666 0.08003703703703703
0 0.7516093749999999 0.8880555555555556 0.10146354166666667 0.13628703703703704
0 0.14449479166666668 0.935962962962963 0.04627604166666666 0.0885925925925926