0 0.15721875000000002 0.7625 0.27137500000000003 0.475
0 0.031390625 0.4000208333333333 0.06278125 0.1288125
0 0.204921875 0.21431250000000002 0.0626875 0.11758333333333333
0 0.58259375 0.23054166666666667 0.09359375 0.240625
0 0.66540625 0.5435208333333333 0.078859375 0.22641666666666668
0 0.38601562500000003 0.8617916666666667 0.07228124999999999 0.2076666666666667
0 0.89321875 0.5183541666666667 0.07775 0.08897916666666666
0 0.49665625 0.27675 0.049562499999999995 0.12093749999999999
0 0.706171875 0.27675 0.07403125 0.10579166666666667
0 0.7845625 0.3375625 0.053593749999999996 0.10970833333333332
0 0.76525 0.0248125 0.089578125 0.049625
0 0.891234375 0.14970833333333333 0.053328125000000004 0.0751875
0 0.9273125 0.11660416666666666 0.043671875 0.08572916666666666
0 0.46073437500000003 0.4375 0.042171875 0.09016666666666667
0 0.7766093749999999 0.654875 0.058140625 0.055187499999999994
0 0.6325937500000001 0.9083749999999999 0.056406250000000005 0.14175000000000001
0 0.58315625 0.7506666666666667 0.060640625000000004 0.10283333333333333
0 0.45106250000000003 0.6713333333333333 0.0635 0.07677083333333333
0 0.49567187500000004 0.6001458333333333 0.06746875 0.08589583333333332
0 0.1361875 0.34852083333333334 0.0520625 0.0864375
0 0.272109375 0.363875 0.055781250000000004 0.06845833333333333
0 0.981671875 0.482375 0.036640624999999996 0.1609375
0 0.9752812499999999 0.3013541666666667 0.0494375 0.14741666666666667
0 0.886125 0.8835625 0.074921875 0.14895833333333333
0 0.9150937499999999 0.7756458333333334 0.07378124999999999 0.1528125
0 0.327359375 0.6584583333333334 0.063234375 0.09645833333333333
0 0.393125 0.9755625 0.052390625 0.048854166666666664
0 0.7163906250000001 0.15558333333333335 0.04221875 0.06041666666666667
0 0.743234375 0.19422916666666667 0.036828125 0.059270833333333335
0 0.8788750000000001 0.2504375 0.035421875000000005 0.06452083333333333
0 0.721359375 0.40760416666666666 0.040796874999999996 0.0530625
0 0.59878125 0.4806666666666667 0.052109375 0.0704375
0 0.61128125 0.34870833333333334 0.047890625 0.06787499999999999
0 0.0871875 0.5119166666666667 0.0676875 0.053375
0 0.97871875 0.12131249999999999 0.0374375 0.041124999999999995