0 0.04375 0.7492083333333333 0.0875 0.15488888888888888
0 0.0738046875 0.8602777777777777 0.0872890625 0.15481944444444445
0 0.20113281249999998 0.8443194444444444 0.067 0.12752777777777777
0 0.1486640625 0.9504583333333334 0.0912109375 0.09906944444444445
0 0.415828125 0.9408194444444444 0.0881328125 0.09368055555555556
0 0.5973203125000001 0.8301944444444445 0.0925546875 0.21500000000000002
0 0.799390625 0.6344166666666666 0.1074609375 0.22161111111111112
0 0.9747421875000001 0.9284722222222223 0.050523437500000004 0.14305555555555555
0 0.7081171875 0.7364722222222222 0.0875859375 0.19886111111111113
0 0.5908125 0.5805138888888889 0.0847421875 0.13694444444444442
0 0.750046875 0.41277777777777774 0.07334375 0.10130555555555555
0 0.48340625 0.3660416666666667 0.0753828125 0.1484861111111111
0 0.108296875 0.38988888888888895 0.1353359375 0.29983333333333334
0 0.389265625 0.5714861111111111 0.07748437500000001 0.15129166666666669
0 0.188890625 0.22668055555555558 0.090796875 0.17465277777777777
0 0.0248671875 0.27991666666666665 0.0497421875 0.12370833333333332
0 0.017710937500000003 0.5622222222222223 0.035414062499999996 0.13279166666666667
0 0.1181953125 0.116125 0.0405546875 0.18534722222222222
0 0.23628906249999998 0.033791666666666664 0.0435703125 0.06759722222222223
0 0.3490390625 0.11537499999999999 0.07327343750000001 0.1788888888888889
0 0.45971093749999997 0.09976388888888889 0.0863125 0.19954166666666664
0 0.53365625 0.14016666666666666 0.0634140625 0.10020833333333334
0 0.58221875 0.05809722222222222 0.051937500000000004 0.11620833333333333
0 0.67296875 0.05694444444444444 0.04 0.11388888888888889
0 0.8168359374999999 0.05347222222222222 0.0881953125 0.10694444444444444
0 0.5393828125 0.3591111111111111 0.0938671875 0.2271527777777778
0 0.6128203125 0.3509861111111111 0.040507812500000004 0.09987499999999999
0 0.6681484375 0.3968055555555555 0.036617187499999995 0.11008333333333334
0 0.6975781249999999 0.2542638888888889 0.04546875 0.11740277777777777
0 0.2593359375 0.22280555555555553 0.0938359375 0.1988472222222222
0 0.87021875 0.2014861111111111 0.08039062500000001 0.052569444444444446
0 0.9394843749999999 0.34381944444444446 0.06686718750000001 0.11884722222222222
0 0.88753125 0.9539305555555556 0.045375 0.092125
0 0.3309375 0.44281944444444443 0.065 0.11620833333333333
0 0.191625 0.5465 0.0624140625 0.08281944444444445
0 0.6383359375000001 0.5094722222222222 0.0313515625 0.08283333333333333