0 0.893359375 0.70625 0.21328125 0.5875
0 0.5612656250000001 0.660425925925926 0.19569791666666667 0.37451851851851853
0 0.77778125 0.6269814814814815 0.14547916666666666 0.3734166666666667
0 0.6099583333333333 0.913425925925926 0.10352604166666667 0.17314814814814813
0 0.80446875 0.41597222222222224 0.09470312500000001 0.1550925925925926
0 0.877640625 0.3252685185185185 0.06815625 0.12183333333333335
0 0.9786458333333333 0.2707037037037037 0.042708333333333334 0.20951851851851852
0 0.8759427083333333 0.16655555555555554 0.056052083333333336 0.09375
0 0.6841666666666666 0.38681481481481483 0.06447916666666667 0.18010185185185185
0 0.5711562499999999 0.44630555555555557 0.07175 0.07223148148148148
0 0.5057916666666666 0.4444444444444444 0.042312499999999996 0.0870462962962963
0 0.44994270833333333 0.8669814814814815 0.08761458333333333 0.21914814814814815
0 0.479625 0.9747685185185185 0.05949479166666667 0.050462962962962966
0 0.6629427083333332 0.930787037037037 0.04702604166666667 0.13842592592592592
0 0.7311666666666666 0.9597222222222223 0.046 0.08055555555555556
0 0.340578125 0.9018518518518519 0.11884375 0.1962962962962963
0 0.24500520833333334 0.9550925925925926 0.08063541666666667 0.08981481481481482
0 0.18147395833333332 0.930787037037037 0.05684375 0.13842592592592592
0 0.06819791666666666 0.8228055555555556 0.086390625 0.08912037037037036
0 0.33627083333333335 0.7381018518518518 0.07306770833333333 0.11416666666666667
0 0.4229895833333333 0.5818888888888889 0.050374999999999996 0.16749074074074072
0 0.04114583333333333 0.6513796296296296 0.08229166666666667 0.23057407407407407
0 0.07497395833333333 0.5289444444444444 0.05630729166666667 0.11896296296296295
0 0.03095833333333333 0.48633333333333334 0.058796875 0.11062037037037037
0 0.13121875 0.5867592592592593 0.03756770833333333 0.11703703703703704
0 0.16571875 0.6152314814814815 0.044083333333333335 0.08600925925925926
0 0.27286979166666664 0.7397222222222222 0.058234375 0.12203703703703704
0 0.36621875 0.6830277777777778 0.06525 0.12437962962962965