0 0.15903125 0.5427916666666667 0.148703125 0.16145833333333334
0 0.352234375 0.5453958333333334 0.10682812500000001 0.15362499999999998
0 0.097 0.48797916666666663 0.0874375 0.13016666666666665
0 0.196109375 0.2839375 0.068359375 0.1234375
0 0.022828124999999998 0.44410416666666663 0.045671875 0.11877083333333333
0 0.045406249999999995 0.22441666666666665 0.090796875 0.07943750000000001
0 0.514609375 0.93825 0.11340625 0.1235
0 0.8887656249999999 0.9194791666666667 0.19115625 0.16104166666666667
0 0.874828125 0.3519583333333333 0.096703125 0.10022916666666666
0 0.6501875 0.7459791666666666 0.22726562499999997 0.44708333333333333
0 0.372796875 0.1650208333333333 0.07696875 0.16624999999999998
0 0.056265625 0.8917083333333333 0.081296875 0.09627083333333333
0 0.430875 0.9630416666666667 0.052875000000000005 0.07391666666666666
0 0.7270625 0.8052708333333333 0.122109375 0.19412500000000002
0 0.978953125 0.6587083333333333 0.042078125 0.05625
0 0.76190625 0.5739583333333333 0.06678125 0.14597916666666666
0 0.862703125 0.5559999999999999 0.03778125 0.057374999999999995
0 0.813390625 0.49947916666666664 0.051875000000000004 0.049749999999999996
0 0.602453125 0.44479166666666664 0.0640625 0.09560416666666667
0 0.8122187500000001 0.3922708333333333 0.041015625 0.07970833333333333
0 0.762390625 0.174125 0.073 0.13139583333333332
0 0.63365625 0.1865625 0.064515625 0.07777083333333333
0 0.568984375 0.0474375 0.1184375 0.094875
0 0.47739062499999996 0.072875 0.081140625 0.14577083333333332
0 0.456546875 0.2456875 0.07553125000000001 0.10279166666666667
0 0.522859375 0.326875 0.06153125 0.174125
0 0.208796875 0.0399375 0.11468750000000001 0.079875
0 0.6468125 0.437375 0.04265625 0.0596875
0 0.749546875 0.40449999999999997 0.0303125 0.04422916666666667
0 0.530375 0.15822916666666667 0.05565625 0.10770833333333334
0 0.033171875 0.2683125 0.066359375 0.06179166666666667