0 0.3188333333333333 0.13944444444444443 0.060770833333333336 0.09741666666666667
0 0.36557291666666664 0.26601851851851854 0.10009895833333333 0.15149074074074076
0 0.23121354166666666 0.2907777777777778 0.09799479166666666 0.1685925925925926
0 0.033984375 0.6446666666666667 0.06796875 0.22085185185185185
0 0.06403645833333334 0.5326111111111111 0.07817708333333333 0.12910185185185186
0 0.257640625 0.6335 0.08419791666666666 0.16421296296296295
0 0.7184166666666666 0.9006944444444445 0.2017135416666667 0.1986111111111111
0 0.76371875 0.2394074074074074 0.11110416666666666 0.18621296296296297
0 0.7795989583333333 0.48517592592592595 0.04288020833333333 0.07590740740740741
0 0.6146406249999999 0.7026944444444444 0.083734375 0.15908333333333333
0 0.6621614583333333 0.7397222222222222 0.053796875 0.10351851851851851
0 0.7301249999999999 0.6992314814814814 0.03766666666666666 0.10308333333333333
0 0.47754166666666664 0.6015648148148148 0.074078125 0.12813888888888889