0 0.12015625 0.4756527777777778 0.1925 0.32075
0 0.44369531249999994 0.40602777777777777 0.07928125 0.16759722222222223
0 0.6094375000000001 0.1151388888888889 0.0941484375 0.18305555555555558
0 0.73 0.24841666666666667 0.1707265625 0.26443055555555556
0 0.901203125 0.4206111111111111 0.065296875 0.10880555555555556
0 0.8445703124999999 0.5543888888888889 0.056171875 0.07731944444444444
0 0.6175078125 0.4754305555555556 0.08321875 0.269375
0 0.69628125 0.6492083333333334 0.11578124999999999 0.3437777777777778
0 0.9644765625 0.5423611111111111 0.035203125 0.10138888888888889
0 0.9910390625 0.5147916666666666 0.017921875 0.15365277777777778
0 0.8975625 0.7607916666666666 0.062171875 0.07620833333333334
0 0.941046875 0.8961527777777778 0.094984375 0.175625
0 0.8092890625000001 0.9794027777777777 0.0980859375 0.04120833333333333
0 0.7678828125 0.5798472222222222 0.050687499999999996 0.10973611111111112
0 0.42299218749999995 0.6663611111111111 0.10245312499999999 0.165125
0 0.39616406249999997 0.5423333333333333 0.06785156249999999 0.08374999999999999
0 0.4988984375 0.7820555555555556 0.041796875 0.22984722222222223
0 0.40554687500000003 0.9377361111111111 0.069640625 0.12454166666666668
0 0.5313125000000001 0.9597222222222223 0.062890625 0.08055555555555556
0 0.299953125 0.8716250000000001 0.04384375 0.13583333333333333
0 0.38757031249999996 0.7975694444444444 0.0662890625 0.15440277777777778
0 0.0958046875 0.7556944444444444 0.035476562499999996 0.11230555555555556
0 0.7022734374999999 0.8576111111111111 0.0512578125 0.06365277777777778
0 0.8175546875 0.49284722222222227 0.046140625000000005 0.044430555555555556
0 0.12313281250000001 0.8599444444444444 0.058820312500000006 0.08377777777777778
0 0.2473359375 0.7132916666666668 0.03696875 0.08561111111111111
0 0.8280468750000001 0.9113194444444445 0.0220234375 0.07541666666666666
0 0.5706796875 0.7800833333333332 0.07328124999999999 0.15881944444444443