0 0.46693749999999995 0.2602291666666667 0.13973437500000002 0.21860416666666668
0 0.50478125 0.6510416666666666 0.251546875 0.3845
0 0.6151875 0.8086458333333333 0.2390625 0.3247083333333334
0 0.36103125 0.28620833333333334 0.09984375 0.15537499999999999
0 0.43342187499999996 0.0741875 0.08837500000000001 0.10579166666666667
0 0.30375 0.25860416666666663 0.0894375 0.19222916666666665
0 0.20860937499999999 0.23083333333333333 0.093609375 0.17372916666666666
0 0.061406249999999996 0.06797916666666667 0.075796875 0.11497916666666666
0 0.059843749999999994 0.33497916666666666 0.061546875 0.11349999999999999
0 0.08225 0.6277083333333333 0.117453125 0.15727083333333333
0 0.206890625 0.5002083333333334 0.09734374999999999 0.138375
0 0.275625 0.9423541666666666 0.098734375 0.11527083333333334
0 0.181875 0.9701458333333334 0.11653125 0.05972916666666667
0 0.5151875 0.9550833333333333 0.130375 0.0898125
0 0.881828125 0.38085416666666666 0.1085625 0.137375
0 0.32025000000000003 0.6319166666666667 0.110203125 0.13985416666666667
0 0.964859375 0.9449791666666666 0.07029687500000001 0.1100625
0 0.93475 0.6519583333333333 0.097265625 0.12904166666666667
0 0.978265625 0.34872916666666665 0.043453124999999995 0.11133333333333333
0 0.8793593749999999 0.2905416666666667 0.060328124999999996 0.10552083333333333
0 0.883515625 0.8792916666666667 0.092375 0.099375
0 0.055343750000000004 0.25485416666666666 0.0605625 0.08945833333333333
0 0.08071874999999999 0.18316666666666667 0.06837499999999999 0.06641666666666667