0 0.701890625 0.9151111111111111 0.13371093750000002 0.16979166666666667
0 0.506984375 0.6157222222222222 0.10165625 0.24463888888888888
0 0.6019921874999999 0.029694444444444443 0.0542109375 0.059375
0 0.40240625 0.034902777777777776 0.0705859375 0.06979166666666667
0 0.19265625 0.09927777777777778 0.0369609375 0.10770833333333332
0 0.024210937499999998 0.23495833333333332 0.028140625000000002 0.11505555555555556
0 0.05340625 0.18584722222222222 0.049046875000000004 0.16331944444444446
0 0.0900234375 0.18775 0.0410390625 0.17340277777777777
0 0.15144531249999998 0.43368055555555557 0.045156249999999995 0.13402777777777777
0 0.0711796875 0.6424722222222222 0.06896875 0.1522916666666667
0 0.137484375 0.7833888888888888 0.05940625000000001 0.15637500000000001
0 0.3788671875 0.33440277777777777 0.0610078125 0.17158333333333334
0 0.59965625 0.5601944444444444 0.0979609375 0.161375
0 0.972859375 0.45745833333333336 0.0351328125 0.09479166666666666
0 0.9862421875 0.3887361111111111 0.027515625 0.11009722222222222
0 0.884203125 0.5116111111111111 0.0718359375 0.10586111111111111
0 0.8532421875 0.41077777777777774 0.0692890625 0.11598611111111112
0 0.905 0.3953333333333333 0.0400078125 0.07469444444444445
0 0.9352734375 0.11055555555555555 0.07711718749999999 0.11638888888888889
0 0.9448359375000001 0.027083333333333334 0.047484375 0.05416666666666667
0 0.8343984375 0.18568055555555554 0.09721874999999999 0.08593055555555555
0 0.865546875 0.11608333333333333 0.052960937500000006 0.07520833333333334
0 0.9212109375 0.2108472222222222 0.058367187499999994 0.07723611111111112
0 0.833421875 0.2639444444444444 0.056203125 0.09316666666666666
0 0.714390625 0.07893055555555556 0.061843749999999996 0.10508333333333333
0 0.7753203125 0.2395 0.041546875 0.091125
0 0.7128203125 0.20947222222222223 0.0365859375 0.0782638888888889
0 0.44956250000000003 0.13343055555555555 0.0725625 0.10991666666666666
0 0.351234375 0.18429166666666666 0.055734375 0.08315277777777777
0 0.23142187500000003 0.2946666666666667 0.0395 0.1094722222222222
0 0.350453125 0.4440972222222222 0.049484375000000004 0.12708333333333333
0 0.10457812500000001 0.30195833333333333 0.052960937500000006 0.08933333333333332
0 0.48510937500000006 0.48731944444444447 0.0782109375 0.10170833333333335
0 0.3830625 0.6560555555555556 0.043078125 0.17469444444444446
0 0.41851562500000006 0.6591388888888888 0.0403125 0.08841666666666666
0 0.41596875000000005 0.5855555555555556 0.0522578125 0.080125
0 0.42769531250000004 0.7450416666666666 0.09617187499999999 0.09704166666666668
0 0.3078828125 0.87625 0.0799453125 0.12333333333333332
0 0.1683359375 0.8340833333333333 0.0367578125 0.10497222222222222
0 0.1936328125 0.7723333333333334 0.054531249999999996 0.101875
0 0.6315859374999999 0.44895833333333335 0.0477734375 0.06737499999999999
0 0.44507031250000006 0.4725833333333333 0.020609375 0.06593055555555555
0 0.9858515625000001 0.651875 0.028296875 0.07194444444444444
0 0.20017187500000003 0.43543055555555554 0.0395 0.07501388888888888