0 0.766375 0.8879583333333334 0.205671875 0.22408333333333333
0 0.5019843749999999 0.9331041666666666 0.10398437499999999 0.13379166666666667
0 0.29540625 0.8371458333333333 0.083875 0.10856249999999999
0 0.16625 0.9019375000000001 0.1755625 0.16774999999999998
0 0.3249375 0.22308333333333333 0.097359375 0.12539583333333332
0 0.03315625 0.193875 0.0663125 0.14097916666666668
0 0.588796875 0.21320833333333333 0.083140625 0.07970833333333333
0 0.692 0.42441666666666666 0.101703125 0.09497916666666667
0 0.354703125 0.48764583333333333 0.07357812500000001 0.0845
0 0.8733281249999999 0.3375625 0.05265625 0.06191666666666666
0 0.6478125 0.8158541666666667 0.07618749999999999 0.12152083333333333
0 0.45943750000000005 0.025791666666666668 0.077171875 0.051583333333333335
0 0.83865625 0.6055208333333333 0.052031249999999994 0.05197916666666667