0 0.033515625 0.11414583333333334 0.06704687499999999 0.10200000000000001
0 0.16984375000000002 0.3000416666666667 0.08059374999999999 0.15614583333333334
0 0.10223437500000002 0.43314583333333334 0.081734375 0.10795833333333334
0 0.0306875 0.63025 0.06135937500000001 0.08929166666666667
0 0.5443749999999999 0.33714583333333337 0.133640625 0.20004166666666665
0 0.397515625 0.1764166666666667 0.05015625 0.07933333333333333
0 0.405765625 0.24725000000000003 0.0413125 0.044145833333333336
0 0.961078125 0.8402083333333333 0.07784375 0.12664583333333332
0 0.742234375 0.7387291666666667 0.060609375 0.12064583333333333
0 0.7696562499999999 0.9594791666666667 0.103296875 0.0810625
0 0.619234375 0.9413333333333332 0.054703125 0.09402083333333335
0 0.52209375 0.7845208333333333 0.124 0.28041666666666665
0 0.44098437500000004 0.7962708333333333 0.097296875 0.22058333333333333
0 0.46271874999999996 0.56775 0.06975 0.13854166666666667
0 0.23148437500000002 0.7756666666666666 0.05046874999999999 0.07708333333333334
0 0.28659375 0.7569166666666667 0.066578125 0.09639583333333333
0 0.8118437500000001 0.47593749999999996 0.067234375 0.09506250000000001
0 0.8686562500000001 0.49525 0.055874999999999994 0.12610416666666666
0 0.9774218749999999 0.37672916666666667 0.045171875 0.09360416666666667
0 0.9064375 0.7256666666666667 0.07690625 0.0983125
0 0.9731562500000001 0.6993541666666666 0.0536875 0.07220833333333333
0 0.844640625 0.6391458333333334 0.0783125 0.09570833333333333
0 0.8419531250000001 0.8633124999999999 0.063828125 0.10466666666666667
0 0.6560312500000001 0.7372083333333334 0.046468749999999996 0.11762500000000001
0 0.652328125 0.8286666666666667 0.07681249999999999 0.07704166666666666
0 0.125109375 0.6866666666666668 0.057171875000000004 0.07335416666666666
0 0.276375 0.6546666666666667 0.052937500000000005 0.07375
0 0.352640625 0.6718958333333334 0.0399375 0.0816875
0 0.411296875 0.63725 0.0635 0.08435416666666667
0 0.6071718749999999 0.41970833333333335 0.076 0.07729166666666668
0 0.8003281250000001 0.09352083333333333 0.08740624999999999 0.15462499999999998
0 0.8916562499999999 0.09385416666666666 0.052625 0.0960625
0 0.978828125 0.06452083333333333 0.042328125 0.10933333333333332
0 0.88796875 0.3390416666666667 0.050921875000000005 0.09022916666666667
0 0.71653125 0.5028333333333334 0.046125 0.08064583333333333
0 0.80275 0.6029791666666667 0.050937500000000004 0.0650625
0 0.610578125 0.079875 0.057828124999999994 0.060708333333333336
0 0.56384375 0.0488125 0.033375 0.0470625