0 0.36225 0.14572916666666666 0.11646875000000001 0.16316666666666665
0 0.258953125 0.017583333333333333 0.04846875 0.035187500000000003
0 0.451140625 0.0559375 0.049812499999999996 0.10200000000000001
0 0.6229843749999999 0.174375 0.134171875 0.15339583333333331
0 0.855265625 0.4224583333333333 0.10565625000000001 0.14954166666666666
0 0.571453125 0.6709166666666667 0.29876562500000003 0.5816666666666667
0 0.3410625 0.7260624999999999 0.139765625 0.16416666666666666
0 0.09353125 0.3530208333333333 0.14003125 0.17735416666666665
0 0.22459375 0.7399583333333334 0.082765625 0.117875
0 0.140046875 0.7126666666666667 0.064109375 0.05402083333333333
0 0.17146875 0.6548125 0.05404687500000001 0.058687500000000004
0 0.090921875 0.5997291666666666 0.051484375000000006 0.10591666666666667
0 0.843984375 0.6418333333333333 0.0726875 0.0883125
0 0.230140625 0.1690625 0.10889062499999999 0.138125
0 0.39645312499999996 0.41275 0.073453125 0.08383333333333334
0 0.42909375 0.3234375 0.041828125 0.08552083333333332
0 0.47282812500000004 0.32595833333333335 0.037671875 0.0723125
0 0.870890625 0.3028125 0.078359375 0.11860416666666666