0 0.5367890625 0.14866666666666667 0.15090625 0.2973472222222222
0 0.6595625 0.1088888888888889 0.10067187500000001 0.21776388888888887
0 0.8115 0.18711111111111112 0.0650234375 0.10941666666666666
0 0.48483593750000004 0.40670833333333334 0.10116406250000001 0.1736111111111111
0 0.4232421875 0.4965694444444444 0.08034375 0.22076388888888887
0 0.3556796875 0.18919444444444444 0.0678125 0.1644861111111111
0 0.3181796875 0.3692638888888889 0.044687500000000005 0.058694444444444445
0 0.372734375 0.34379166666666666 0.062343749999999996 0.06627777777777778
0 0.099453125 0.3976944444444444 0.10110156249999999 0.16945833333333335
0 0.023570312500000003 0.2109861111111111 0.047132812499999996 0.11598611111111112
0 0.23863281249999999 0.548125 0.054507812499999996 0.09068055555555557
0 0.3164921875 0.8682916666666666 0.10191406249999999 0.26343055555555556
0 0.0848671875 0.9273194444444444 0.15109375 0.145375
0 0.0372421875 0.7336944444444444 0.0744765625 0.23033333333333333
0 0.7345546875 0.7704861111111111 0.1590078125 0.21597222222222223
0 0.7693203125 0.9145833333333333 0.191046875 0.17083333333333334
0 0.9530234375 0.4143472222222222 0.0939453125 0.2027638888888889
0 0.800171875 0.3928333333333333 0.048609374999999996 0.12734722222222222
0 0.7134609375000001 0.20679166666666665 0.029328125 0.10709722222222222
0 0.9228203125000001 0.04873611111111112 0.0897734375 0.09747222222222224
0 0.9894765624999999 0.03901388888888889 0.0210390625 0.07248611111111111
0 0.586390625 0.7334722222222223 0.06471875 0.14194444444444446
0 0.49524999999999997 0.6436805555555556 0.1219921875 0.12904166666666667
0 0.16246093749999999 0.1389861111111111 0.047984375 0.10575
0 0.2317265625 0.45787500000000003 0.044875 0.08611111111111111
0 0.2140234375 0.09319444444444444 0.0490390625 0.06916666666666667
0 0.1213203125 0.01875 0.057351562499999995 0.0375