0 0.6568359375 0.494125 0.3847578125 0.5614027777777777
0 0.348 0.08125 0.1378515625 0.1625
0 0.2791171875 0.18733333333333332 0.0498984375 0.16079166666666667
0 0.0863046875 0.6654166666666667 0.12478906249999999 0.23731944444444444
0 0.25672656250000003 0.6936666666666667 0.067796875 0.11790277777777777
0 0.434578125 0.8579722222222222 0.0818828125 0.10391666666666666
0 0.92490625 0.9238472222222222 0.1501875 0.15231944444444445
0 0.640421875 0.8204861111111111 0.068640625 0.07523611111111111
0 0.9560234375000001 0.5941944444444445 0.0624375 0.10881944444444444
0 0.91484375 0.23661111111111113 0.1703125 0.2547083333333333
0 0.5009765625 0.18665277777777775 0.0584609375 0.13626388888888888
0 0.42610937499999996 0.3796805555555556 0.0704453125 0.09804166666666667
0 0.22860156250000002 0.05798611111111111 0.0738671875 0.11597222222222223
0 0.6914609375 0.7181944444444445 0.0498984375 0.17619444444444443