0 0.5962890625 0.9307916666666666 0.12825781249999998 0.13843055555555556
0 0.30021875 0.95625 0.07978125 0.0875
0 0.1313515625 0.929625 0.10240625 0.14073611111111112
0 0.067671875 0.1517638888888889 0.1061796875 0.19740277777777776
0 0.12575 0.04420833333333333 0.064125 0.08843055555555555
0 0.2280859375 0.105 0.0521640625 0.13351388888888888
0 0.417 0.231125 0.057140625 0.12665277777777778
0 0.7003125 0.49147222222222225 0.1363515625 0.22168055555555558
0 0.5587890625 0.5560277777777778 0.06784375000000001 0.14351388888888889
0 0.6186796875 0.7232777777777778 0.0772265625 0.177125
0 0.46530468750000004 0.7827638888888889 0.0516796875 0.14329166666666668
0 0.2391484375 0.6513611111111112 0.0638828125 0.1009861111111111
0 0.309328125 0.5745277777777779 0.056343750000000005 0.08798611111111111
0 0.35984375 0.5176111111111111 0.049062499999999995 0.1185
0 0.2456640625 0.4479444444444444 0.045656249999999995 0.10502777777777779
0 0.2808125 0.31372222222222224 0.0430625 0.05866666666666667
0 0.4274140625 0.5469861111111111 0.0782578125 0.073625
0 0.72140625 0.7538333333333334 0.078546875 0.12711111111111112
0 0.7482265625 0.9392361111111112 0.061367187499999996 0.09931944444444445
0 0.613203125 0.4336111111111111 0.0357890625 0.14297222222222222
0 0.5852109375000001 0.2734722222222222 0.0917734375 0.11140277777777777
0 0.6426328125 0.296375 0.0355703125 0.0794861111111111
0 0.6820859375 0.18738888888888888 0.1207265625 0.11690277777777779
0 0.7878046875 0.2840833333333333 0.075953125 0.10426388888888888
0 0.9423515625000001 0.1882777777777778 0.09759375 0.10709722222222222
0 0.6868984375 0.08740277777777777 0.0824453125 0.0761111111111111
0 0.8588906250000001 0.6455694444444444 0.061 0.10793055555555554
0 0.8849296875 0.5601527777777778 0.04315625 0.059208333333333335