0 0.8632500000000001 0.16287500000000002 0.08690624999999999 0.21222916666666666
0 0.9506875000000001 0.6330208333333334 0.098609375 0.20958333333333332
0 0.787203125 0.8891249999999999 0.21954687499999997 0.22175
0 0.45843749999999994 0.8752291666666667 0.2505 0.24954166666666666
0 0.63671875 0.5544375 0.15434375 0.2994791666666667
0 0.68184375 0.5124791666666667 0.06409375 0.13977083333333334
0 0.392109375 0.6578541666666666 0.09840625 0.16208333333333333
0 0.076859375 0.6083333333333333 0.145578125 0.2518333333333333
0 0.277875 0.8512500000000001 0.110625 0.13214583333333332
0 0.254265625 0.756625 0.11895312499999999 0.07712500000000001
0 0.19664062499999999 0.5733750000000001 0.087015625 0.15972916666666667
0 0.247515625 0.41139583333333335 0.120265625 0.13185416666666666
0 0.47614062500000004 0.15847916666666664 0.13870312499999998 0.26266666666666666
0 0.11382812499999999 0.20427083333333332 0.036 0.08775
0 0.04425 0.970375 0.054093749999999996 0.059229166666666666
0 0.5558125 0.5278541666666666 0.10387500000000001 0.18564583333333334
0 0.452546875 0.4125833333333333 0.135859375 0.1869583333333333
0 0.40740625 0.40210416666666665 0.06584375 0.20116666666666666
0 0.594109375 0.855375 0.053640625 0.14722916666666666
0 0.28512499999999996 0.9729166666666667 0.050640624999999995 0.05416666666666667
0 0.313921875 0.9304583333333334 0.04378125 0.09441666666666666
0 0.022328124999999997 0.8373125 0.044656249999999995 0.0681875