0 0.07822916666666666 0.39405555555555555 0.146140625 0.2637407407407407
0 0.286546875 0.35816666666666663 0.12534375 0.1549537037037037
0 0.410234375 0.6418981481481482 0.195671875 0.28194444444444444
0 0.5499375000000001 0.5819537037037037 0.10638020833333334 0.20276851851851851
0 0.770359375 0.8101296296296296 0.13688020833333334 0.2371574074074074
0 0.3653125 0.89375 0.105828125 0.2125
0 0.039036458333333336 0.7416111111111111 0.071921875 0.15195370370370373
0 0.27013541666666663 0.5545833333333334 0.076203125 0.15917592592592592
0 0.17066666666666666 0.4544259259259259 0.06022916666666667 0.11058333333333334
0 0.21519791666666668 0.46781481481481485 0.07013020833333333 0.1476574074074074
0 0.779203125 0.6108240740740741 0.09955729166666667 0.10962037037037037
0 0.9669270833333333 0.930787037037037 0.06614583333333333 0.13842592592592592
0 0.7456197916666666 0.46711111111111114 0.08740104166666667 0.16015740740740741
0 0.328078125 0.10708333333333334 0.060515624999999997 0.0969537037037037
0 0.192671875 0.1998703703703704 0.03966145833333334 0.04562962962962963
0 0.23615625 0.14988888888888888 0.05164583333333333 0.09003703703703703
0 0.059479166666666666 0.11148148148148149 0.03781770833333333 0.10204629629629629
0 0.09528125 0.1160925925925926 0.036520833333333336 0.18159259259259258
0 0.028776041666666665 0.06273148148148149 0.05755208333333333 0.12546296296296297
0 0.33015625 0.2274074074074074 0.035515625 0.07850925925925926
0 0.21115625000000002 0.03726851851851852 0.039140625000000005 0.07453703703703704
0 0.2524322916666667 0.04297222222222222 0.03211979166666667 0.05387037037037037
0 0.39291666666666664 0.18368518518518517 0.05063020833333333 0.12430555555555556
0 0.3847083333333333 0.3058611111111111 0.024104166666666666 0.10216666666666667
0 0.4093177083333333 0.3063240740740741 0.043859375 0.07347222222222222
0 0.46999479166666663 0.4393888888888889 0.07355729166666666 0.11751851851851852
0 0.43093229166666663 0.15382407407407406 0.03709375 0.06828703703703703
0 0.8763385416666666 0.18785185185185185 0.07596875 0.14374074074074075
0 0.9457291666666666 0.7172685185185185 0.070625 0.15583333333333335
0 0.881546875 0.7103703703703704 0.04471875 0.12648148148148147
0 0.89625 0.5781944444444445 0.10708854166666668 0.12306481481481481
0 0.9323177083333333 0.06932407407407408 0.062031249999999996 0.13772222222222222
0 0.9838541666666667 0.09227777777777778 0.03229166666666667 0.12656481481481482
0 0.8394895833333333 0.09158333333333334 0.05605729166666666 0.11406481481481481
0 0.8741249999999999 0.026851851851851852 0.036125 0.053703703703703705
0 0.5671145833333333 0.3463611111111111 0.03214583333333333 0.12764814814814815
0 0.621671875 0.27438888888888885 0.04363541666666667 0.09103703703703703
0 0.5774010416666666 0.2248703703703704 0.04490625 0.10674074074074075
0 0.5464114583333333 0.1311388888888889 0.04022395833333334 0.06734259259259259
0 0.6026614583333333 0.12258333333333332 0.03478125 0.07983333333333333
0 0.6074739583333333 0.030324074074074073 0.04516145833333333 0.060648148148148145
0 0.6359947916666666 0.09781481481481481 0.06394791666666667 0.15613888888888888
0 0.6897656249999999 0.09157407407407409 0.04442708333333333 0.0770462962962963
0 0.51790625 0.3836111111111111 0.040234375 0.09480555555555556
0 0.4551458333333333 0.15221296296296294 0.037375000000000005 0.11317592592592593
0 0.503453125 0.13554629629629628 0.05090625 0.0909537037037037
0 0.4232447916666667 0.07212962962962964 0.044932291666666666 0.06036111111111111
0 0.9071979166666666 0.24731481481481485 0.05852604166666667 0.06649074074074074
0 0.6766145833333332 0.39194444444444443 0.043125 0.07814814814814815
0 0.20503645833333334 0.6168888888888889 0.05017708333333334 0.1652962962962963
0 0.6984895833333333 0.02337962962962963 0.051458333333333335 0.04675925925925926
0 0.7202291666666666 0.17441666666666666 0.026208333333333333 0.05025
0 0.8301197916666666 0.26235185185185184 0.046015625 0.05955555555555555
0 0.7816822916666666 0.20727777777777778 0.023781249999999997 0.06785185185185186
0 0.8212604166666666 0.21258333333333335 0.0404375 0.03998148148148148