0 0.6240208333333332 0.5758425925925925 0.17956249999999999 0.3683611111111111
0 0.8219166666666666 0.16142592592592592 0.06502083333333333 0.10897222222222222
0 0.90459375 0.32249074074074074 0.063734375 0.09776851851851852
0 0.8697031249999999 0.720037037037037 0.15434374999999997 0.21692592592592594
0 0.49680729166666665 0.8022037037037038 0.06861458333333334 0.10811111111111112
0 0.17991145833333333 0.9770833333333333 0.112046875 0.04583333333333333
0 0.022916666666666665 0.515287037037037 0.04583333333333333 0.07684259259259259
0 0.018359375 0.7001851851851852 0.03671875 0.10981481481481481
0 0.979296875 0.8163148148148148 0.04140625 0.1317037037037037
0 0.9916666666666667 0.6170833333333334 0.016666666666666666 0.07120370370370371
0 0.6781770833333333 0.9405925925925926 0.029583333333333333 0.09784259259259259
0 0.7305104166666666 0.7765277777777777 0.049046875000000004 0.07063888888888889
0 0.5218125 0.9724537037037037 0.048046875 0.055092592592592596