0 0.09450520833333333 0.9041666666666667 0.10578645833333335 0.19166666666666668
0 0.19332291666666668 0.9388888888888889 0.07220833333333333 0.12222222222222222
0 0.6270104166666666 0.9643518518518519 0.07722916666666667 0.0712962962962963
0 0.7363802083333333 0.9006944444444445 0.11891145833333333 0.1986111111111111
0 0.5126979166666666 0.7040833333333333 0.08189583333333333 0.11557407407407407
0 0.11819791666666667 0.6020277777777778 0.09901562500000001 0.1383148148148148
0 0.5689375 0.40602777777777777 0.08266145833333334 0.1305740740740741
0 0.6246666666666666 0.47591666666666665 0.055875 0.09442592592592593
0 0.8398854166666666 0.3308055555555555 0.12804166666666666 0.20698148148148146
0 0.6911927083333332 0.32761111111111113 0.048531250000000005 0.06792592592592593
0 0.97734375 0.5416296296296297 0.0453125 0.15177777777777776
0 0.91265625 0.634462962962963 0.08260937500000001 0.09311111111111112
0 0.8837552083333333 0.5483518518518519 0.040427083333333336 0.08651851851851852
0 0.463734375 0.056861111111111105 0.07018229166666666 0.1001574074074074
0 0.12301041666666666 0.2396851851851852 0.04758333333333333 0.11415740740740742
0 0.180171875 0.21954629629629632 0.04382291666666667 0.08498148148148148
0 0.6046145833333333 0.8244166666666667 0.049104166666666664 0.09699074074074074
0 0.7918385416666667 0.950462962962963 0.06527604166666666 0.09907407407407408
0 0.35228645833333333 0.2965833333333333 0.045203125000000004 0.06445370370370371
0 0.38158854166666667 0.37363888888888885 0.03422395833333333 0.08431481481481481
0 0.22613020833333333 0.8316018518518519 0.058671875000000005 0.07893518518518519