0 0.6410729166666667 0.11597222222222223 0.14284895833333333 0.23194444444444445
0 0.9540624999999999 0.09064814814814816 0.05604166666666666 0.09739814814814815
0 0.9897135416666667 0.1174537037037037 0.020572916666666666 0.1599074074074074
0 0.41765104166666667 0.19386111111111112 0.05844270833333333 0.1224537037037037
0 0.5886041666666666 0.2609722222222222 0.08997916666666667 0.14563888888888887
0 0.36999479166666666 0.29378703703703707 0.07019791666666667 0.16998148148148148
0 0.34421874999999996 0.0587037037037037 0.0428125 0.040916666666666664
0 0.24917187500000001 0.38380555555555557 0.09938020833333333 0.17872222222222223
0 0.3317239583333333 0.48593518518518514 0.10530208333333334 0.3623796296296296
0 0.45853645833333334 0.8542685185185185 0.09021875 0.1520462962962963
0 0.22391666666666668 0.9701388888888889 0.04366145833333333 0.059722222222222225
0 0.2564635416666667 0.9042407407407408 0.07230208333333334 0.17793518518518517
0 0.5343125000000001 0.9006944444444445 0.11679166666666667 0.1986111111111111
0 0.7560416666666666 0.9516203703703704 0.139484375 0.09675925925925925
0 0.07861979166666666 0.30125 0.06984895833333334 0.22249074074074074
0 0.015104166666666667 0.2715740740740741 0.030208333333333334 0.18110185185185185
0 0.03291666666666667 0.1290648148148148 0.049265625 0.1039074074074074
0 0.06403645833333334 0.024537037037037038 0.06776041666666667 0.049074074074074076
0 0.09957291666666666 0.5402962962962963 0.052796875 0.19348148148148148
0 0.15738541666666667 0.4509537037037037 0.060744791666666666 0.08512962962962962
0 0.6652812499999999 0.8706018518518519 0.07744270833333333 0.2587962962962963
0 0.8601875 0.9342592592592592 0.1313125 0.13148148148148148
0 0.7306406249999999 0.792712962962963 0.11961458333333333 0.14930555555555555
0 0.9383072916666666 0.7892314814814815 0.08963541666666666 0.17476851851851852
0 0.27794791666666663 0.24635185185185185 0.05016145833333333 0.11678703703703704
0 0.19801041666666666 0.6362777777777777 0.052421875 0.1697685185185185
0 0.26076041666666666 0.5981018518518519 0.04704166666666666 0.11656481481481482
0 0.33341666666666664 0.9169814814814815 0.07327604166666667 0.11544444444444445
0 0.372859375 0.9597222222222223 0.06030208333333333 0.08055555555555556
0 0.42155729166666667 0.9793981481481482 0.05584375 0.0412037037037037
0 0.25828124999999996 0.7603703703703704 0.09990104166666666 0.21166666666666667
0 0.36700520833333333 0.788074074074074 0.05296875 0.1955925925925926
0 0.028645833333333332 0.606648148148148 0.05520833333333333 0.18460185185185185
0 0.9572395833333334 0.5338425925925926 0.047359375 0.05631481481481482
0 0.9578385416666666 0.9380462962962963 0.05057291666666666 0.1066388888888889
0 0.8669583333333333 0.7501388888888889 0.051109375 0.08268518518518518
0 0.7346822916666667 0.7061666666666666 0.046781249999999996 0.09660185185185186
0 0.072890625 0.9067962962962963 0.060473958333333334 0.13211111111111112