0 0.184203125 0.18113888888888888 0.06059375 0.17104166666666668
0 0.8402734374999999 0.34376388888888887 0.09340625 0.1773611111111111
0 0.5224609375 0.3167083333333333 0.059765625 0.10933333333333334
0 0.47037500000000004 0.28084722222222225 0.033984375 0.08852777777777777
0 0.338625 0.2773611111111111 0.052445312499999994 0.11398611111111111
0 0.27534375 0.19476388888888888 0.059203125 0.046013888888888896
0 0.2546484375 0.37898611111111113 0.061546875 0.08554166666666667
0 0.208296875 0.3571944444444445 0.07090625 0.17641666666666667
0 0.4656953125 0.4948888888888889 0.0691328125 0.12311111111111112
0 0.45150781249999994 0.632625 0.06365625 0.13383333333333333
0 0.4930390625 0.5601805555555556 0.05090625 0.07038888888888889
0 0.861890625 0.6297916666666666 0.0762265625 0.15681944444444443
0 0.8784218750000001 0.95625 0.0926328125 0.0875
0 0.6678984375 0.8347222222222223 0.198578125 0.33055555555555555
0 0.38875000000000004 0.9400416666666668 0.079796875 0.11990277777777777
0 0.072890625 0.781888888888889 0.12296875 0.1917777777777778
0 0.2993046875 0.6696388888888889 0.052960937500000006 0.07831944444444444
0 0.16103125000000001 0.5692083333333333 0.032625 0.06622222222222222
0 0.033984375 0.5354166666666667 0.06796875 0.0875
0 0.0740625 0.9412083333333333 0.1023984375 0.11759722222222223
0 0.150484375 0.8663333333333333 0.0615234375 0.12009722222222222