0 0.20828125000000003 0.058958333333333335 0.108453125 0.10062499999999999
0 0.067484375 0.0118125 0.032390625 0.023604166666666666
0 0.1383125 0.24658333333333332 0.12684375 0.14964583333333334
0 0.373890625 0.25677083333333334 0.07584375 0.09595833333333334
0 0.38482812499999997 0.445125 0.1199375 0.24116666666666667
0 0.6228281250000001 0.2859375 0.057140625 0.052437500000000005
0 0.511890625 0.6582708333333334 0.050859375 0.10727083333333334
0 0.5113749999999999 0.5627083333333334 0.06475 0.06891666666666667
0 0.42284375 0.5647708333333333 0.054328125000000005 0.08697916666666666
0 0.21296875 0.8636666666666667 0.15115625 0.27268749999999997
0 0.296640625 0.9643541666666666 0.129640625 0.07129166666666667
0 0.63115625 0.8246458333333333 0.17934375 0.18539583333333332
0 0.294203125 0.8852916666666667 0.09978125 0.09370833333333332
0 0.642953125 0.7050416666666667 0.07240625 0.06770833333333333
0 0.72940625 0.6668333333333333 0.05923437499999999 0.08275
0 0.836515625 0.7559375 0.05428125 0.07112500000000001
0 0.17078125 0.5694166666666667 0.058453124999999995 0.09622916666666666
0 0.019265625 0.4560208333333333 0.038546875 0.08241666666666667
0 0.087109375 0.4215625 0.066078125 0.09297916666666667
0 0.032296875 0.2755208333333333 0.064578125 0.11029166666666666