0 0.6638385416666667 0.5313611111111111 0.38444791666666667 0.8085648148148148
0 0.953546875 0.8729166666666667 0.09290625 0.25416666666666665
0 0.20152604166666668 0.5585185185185185 0.12611458333333334 0.18092592592592593
0 0.8039583333333333 0.28958333333333336 0.29364583333333333 0.5791666666666667
0 0.6284375 0.06816666666666667 0.07406249999999999 0.13633333333333333
0 0.9234739583333333 0.5974537037037037 0.091078125 0.22267592592592594
0 0.9604166666666667 0.1452037037037037 0.07916666666666666 0.28948148148148145
0 0.455140625 0.39166666666666666 0.089453125 0.2407314814814815
0 0.3325052083333333 0.028009259259259258 0.06728645833333333 0.056018518518518516
0 0.06221354166666667 0.5481018518518519 0.09744791666666666 0.18325
0 0.10205729166666666 0.6931851851851851 0.09589062500000001 0.2558148148148148
0 0.416609375 0.7690740740740741 0.07094270833333334 0.33352777777777776
0 0.21766666666666667 0.9489166666666666 0.052161458333333334 0.09599074074074074
0 0.07458333333333332 0.9412037037037037 0.05969270833333333 0.1175925925925926
0 0.060911458333333335 0.82975 0.06359374999999999 0.07523148148148148
0 0.495640625 0.9655092592592592 0.06653125 0.06898148148148148
0 0.4968125 0.9400462962962963 0.09386979166666666 0.11990740740740741
0 0.41269791666666666 0.5263611111111112 0.07227604166666667 0.11198148148148147
0 0.11715625 0.32437037037037036 0.04485416666666667 0.04663888888888889
0 0.17652083333333335 0.32989814814814816 0.04263020833333333 0.0755462962962963
0 0.29578645833333334 0.7188981481481481 0.09383854166666666 0.10816666666666666
0 0.6116406249999999 0.7816574074074074 0.06390625 0.2246388888888889
0 0.8673541666666666 0.8915277777777778 0.049666666666666665 0.1293425925925926