0 0.027078124999999998 0.08320833333333333 0.054156249999999996 0.08033333333333334
0 0.175640625 0.35025 0.15982812500000002 0.20883333333333332
0 0.073375 0.361375 0.0835625 0.11995833333333333
0 0.24351562499999999 0.27875 0.062281249999999996 0.089
0 0.6315000000000001 0.14752083333333335 0.1439375 0.28485416666666663
0 0.843984375 0.0616875 0.10785937500000001 0.123375
0 0.628375 0.49024999999999996 0.12934375 0.132375
0 0.5065000000000001 0.5113125000000001 0.1755 0.23464583333333333
0 0.57578125 0.6557083333333333 0.18246875 0.22714583333333332
0 0.288125 0.6607916666666667 0.17095312499999998 0.28360416666666666
0 0.19107812500000002 0.5108958333333333 0.07590625 0.12729166666666666
0 0.7033750000000001 0.30720833333333336 0.09048437499999999 0.20608333333333334
0 0.633921875 0.2612083333333333 0.04840625 0.09427083333333333
0 0.53740625 0.3061041666666667 0.063703125 0.10633333333333334
0 0.349921875 0.2984375 0.061250000000000006 0.08666666666666667
0 0.731328125 0.8732291666666666 0.12137500000000001 0.16220833333333334