0 0.22507031249999998 0.7976805555555556 0.11934375 0.25330555555555556
0 0.0308046875 0.29630555555555554 0.061609375 0.11452777777777777
0 0.302640625 0.3899583333333333 0.134 0.24469444444444446
0 0.45843749999999994 0.46416666666666667 0.18848437499999998 0.45340277777777777
0 0.5803046875 0.20754166666666668 0.1768984375 0.41508333333333336
0 0.8652031250000001 0.06468055555555556 0.060312500000000005 0.12936111111111112
0 0.712984375 0.010125 0.0387578125 0.02023611111111111
0 0.9783515625 0.23518055555555556 0.0433046875 0.14416666666666667
0 0.9329453125 0.2387638888888889 0.055171875 0.07990277777777778
0 0.73340625 0.4728055555555556 0.0581796875 0.11943055555555555
0 0.773140625 0.42483333333333334 0.0412265625 0.07969444444444444
0 0.8895234375 0.5297222222222222 0.1580703125 0.20547222222222222
0 0.9686562500000001 0.5785694444444445 0.0626875 0.14920833333333333
0 0.13725 0.8341944444444445 0.0674609375 0.19933333333333333
0 0.20321093750000002 0.6160138888888889 0.0672421875 0.11219444444444444
0 0.12296093749999999 0.6771111111111111 0.08253125 0.1391388888888889
0 0.409765625 0.8798194444444445 0.08917968750000001 0.13980555555555554
0 0.48655468749999997 0.8801527777777778 0.1054609375 0.23968055555555554
0 0.5917890625 0.7264861111111112 0.07668749999999999 0.15456944444444445
0 0.6387734375 0.7907638888888889 0.051023437500000005 0.10851388888888888
0 0.6035078125 0.9029722222222222 0.0748671875 0.19404166666666667
0 0.7517109375000001 0.769125 0.093 0.25966666666666666
0 0.7119765625000001 0.9296527777777778 0.0775234375 0.14069444444444443
0 0.791890625 0.8778888888888889 0.057296875000000004 0.15772222222222224
0 0.8368593750000001 0.7515277777777778 0.063328125 0.08901388888888889
0 0.9400859374999999 0.8516527777777778 0.06446093750000001 0.12315277777777778
0 0.8998046875 0.9633333333333334 0.05352343750000001 0.06477777777777778