0 0.8529947916666667 0.43645370370370373 0.29401041666666666 0.8729166666666667
0 0.373390625 0.32637037037037037 0.18863541666666667 0.48976851851851855
0 0.19058854166666667 0.6256203703703703 0.08548958333333333 0.2132777777777778
0 0.08252604166666666 0.8405092592592592 0.08807291666666667 0.3189814814814815
0 0.137078125 0.9574074074074074 0.06178645833333333 0.08518518518518518
0 0.45463020833333334 0.7483240740740741 0.05741145833333334 0.1246574074074074
0 0.5603489583333333 0.3585833333333333 0.116796875 0.1514259259259259
0 0.60409375 0.3169259259259259 0.060557291666666666 0.19774074074074074
0 0.6905416666666666 0.45114814814814813 0.049833333333333334 0.13286111111111112
0 0.4705052083333333 0.8568240740740741 0.09413541666666667 0.09512037037037037
0 0.8319427083333333 0.9655092592592592 0.12048958333333333 0.06898148148148148
0 0.55175 0.9597222222222223 0.048296875 0.08055555555555556
0 0.6479739583333333 0.9550925925925926 0.06916145833333333 0.08981481481481482
0 0.22482812500000002 0.981712962962963 0.066484375 0.03657407407407407
0 0.24969791666666669 0.7675185185185185 0.04539583333333333 0.07050925925925926
0 0.289140625 0.21187962962962964 0.07776041666666668 0.11912037037037038
0 0.538734375 0.866537037037037 0.04308854166666667 0.07937962962962963
0 0.508921875 0.7862407407407407 0.05559375 0.06230555555555556
0 0.5633437499999999 0.7705 0.056125 0.08637962962962964
0 0.5275364583333333 0.5911944444444445 0.06756770833333332 0.12872222222222224