0 0.0428125 0.9492592592592592 0.085625 0.10148148148148148
0 0.17102083333333334 0.9335185185185185 0.07712500000000001 0.13296296296296295
0 0.037083333333333336 0.9074444444444444 0.07416666666666667 0.1104537037037037
0 0.08071354166666667 0.7606296296296297 0.10981770833333333 0.17608333333333331
0 0.0995625 0.8447314814814815 0.08411979166666667 0.18163888888888888
0 0.13497916666666668 0.4193055555555556 0.086703125 0.16582407407407407
0 0.08143750000000001 0.43650925925925926 0.04371354166666667 0.07586111111111112
0 0.11622395833333334 0.552787037037037 0.07578645833333333 0.16924074074074075
0 0.05425 0.5779537037037038 0.06808854166666665 0.11889814814814814
0 0.32871354166666666 0.7890740740740741 0.074234375 0.42185185185185187
0 0.4017291666666667 0.6290092592592593 0.07195833333333333 0.1609814814814815
0 0.27403125 0.6108518518518519 0.11484895833333333 0.26540740740740737
0 0.1726875 0.7989537037037037 0.073796875 0.15273148148148147
0 0.116859375 0.6838148148148148 0.09378125 0.12244444444444445
0 0.39256250000000004 0.977962962962963 0.04029166666666666 0.04407407407407408
0 0.51359375 0.8084074074074075 0.05239583333333333 0.10125925925925926
0 0.431515625 0.8276666666666667 0.041546875 0.08050925925925927
0 0.407875 0.5118425925925926 0.04091666666666667 0.06367592592592593
0 0.5038020833333333 0.3959722222222222 0.04884895833333334 0.07176851851851852
0 0.5817083333333334 0.5725555555555556 0.04633854166666666 0.08140740740740741
0 0.6257708333333334 0.6375555555555555 0.038453125 0.051555555555555556
0 0.6500416666666666 0.7506481481481482 0.050333333333333334 0.08944444444444444
0 0.7508645833333334 0.9594444444444444 0.04868229166666667 0.0811111111111111
0 0.9415781249999999 0.9603703703703704 0.05981770833333333 0.07925925925925925
0 0.9844947916666666 0.9607685185185186 0.031015624999999998 0.0689537037037037
0 0.5650468750000001 0.69625 0.036984375 0.08601851851851852
0 0.49682291666666667 0.918212962962963 0.04218229166666666 0.08282407407407408
0 0.45046875 0.5327592592592593 0.042192708333333336 0.07217592592592594
0 0.016770833333333336 0.8163703703703703 0.03354166666666667 0.07644444444444444
0 0.8315833333333333 0.8689444444444445 0.039838541666666664 0.07789814814814815
0 0.8415833333333332 0.7906388888888889 0.03483854166666667 0.06869444444444445
0 0.7411770833333333 0.9204166666666667 0.03402083333333333 0.054907407407407405
0 0.7752395833333333 0.8724722222222222 0.0374375 0.059009259259259254