0 0.10299218750000001 0.6560972222222222 0.2059921875 0.663125
0 0.3744296875 0.5327916666666667 0.176140625 0.40262499999999996
0 0.46986718749999995 0.9134305555555555 0.106625 0.17315277777777777
0 0.542125 0.8533472222222221 0.0907578125 0.13168055555555555
0 0.5741562499999999 0.6314027777777778 0.13607031249999998 0.20170833333333332
0 0.6809062499999999 0.4930277777777778 0.15035156249999998 0.23048611111111109
0 0.8458671875 0.5897222222222223 0.1182890625 0.3961111111111111
0 0.95390625 0.7302916666666666 0.0921875 0.22554166666666664
0 0.93596875 0.6562222222222223 0.0660859375 0.13293055555555555
0 0.9785390625 0.790861111111111 0.0424921875 0.10858333333333334
0 0.9100625000000001 0.2660694444444444 0.0788359375 0.18175000000000002
0 0.86878125 0.15102777777777776 0.0599609375 0.05575
0 0.46778125 0.07083333333333333 0.0753828125 0.14166666666666666
0 0.7436640625 0.021680555555555554 0.041835937499999996 0.04088888888888889
0 0.022132812499999998 0.18181944444444445 0.0442734375 0.09097222222222222
0 0.014453125 0.04073611111111111 0.02890625 0.08148611111111112