0 0.086109375 0.212625 0.17221875 0.2006875
0 0.346453125 0.05579166666666667 0.08209375 0.11158333333333334
0 0.310875 0.7720833333333333 0.191453125 0.3163958333333333
0 0.17320312499999999 0.7808958333333333 0.14778125 0.26547916666666665
0 0.103765625 0.6601041666666667 0.088296875 0.14060416666666667
0 0.625953125 0.39960416666666665 0.13559375 0.17858333333333334
0 0.981078125 0.18895833333333334 0.037843749999999995 0.131625
0 0.7788906250000001 0.23389583333333333 0.07485937499999999 0.0655625
0 0.893640625 0.35372916666666665 0.0710625 0.07229166666666667
0 0.872796875 0.6964375 0.08495312499999999 0.14195833333333333
0 0.36659375 0.9528541666666667 0.097359375 0.08070833333333334
0 0.08935937499999999 0.8112708333333334 0.059953124999999996 0.1839375
0 0.13328125 0.4442291666666666 0.064 0.05689583333333333
0 0.43724999999999997 0.38708333333333333 0.063703125 0.06472916666666667
0 0.3428125 0.4618333333333334 0.058125 0.05875
0 0.240390625 0.6029791666666667 0.05046874999999999 0.04495833333333333
0 0.35343749999999996 0.6088749999999999 0.05746875 0.052625000000000005
0 0.48271875 0.6639791666666667 0.064515625 0.08804166666666666
0 0.9770468749999999 0.862 0.045890625000000004 0.24335416666666668
0 0.975484375 0.6069166666666667 0.04903125 0.11377083333333333
0 0.8065468750000001 0.5404166666666667 0.068234375 0.088125
0 0.8273906249999999 0.6427499999999999 0.04421875 0.0553125
0 0.84509375 0.5864583333333333 0.059453124999999996 0.07677083333333333
0 0.9738749999999999 0.33670833333333333 0.041999999999999996 0.06125
0 0.87009375 0.5178333333333334 0.041171875000000004 0.0526875
0 0.69640625 0.3754166666666666 0.027484375 0.0410625
0 0.732515625 0.356375 0.04309375 0.058312499999999996
0 0.80715625 0.2952708333333333 0.0401875 0.050895833333333335
0 0.8728906249999999 0.9531041666666666 0.08396875000000001 0.09379166666666668
0 0.78653125 0.971 0.07715625000000001 0.058020833333333334
0 0.688359375 0.9400833333333334 0.127171875 0.1198125
0 0.798 0.859125 0.0854375 0.16604166666666667
0 0.940828125 0.8435208333333333 0.041749999999999995 0.12183333333333332
0 0.687140625 0.6991666666666667 0.041796875 0.041291666666666664
0 0.652875 0.6072916666666667 0.053578125 0.05597916666666667
0 0.592609375 0.7463125 0.04234375 0.038