0 0.6365234375 0.8998888888888888 0.142828125 0.2002361111111111
0 0.7924140625 0.175 0.1928984375 0.2643333333333333
0 0.37810156250000004 0.3081527777777778 0.146828125 0.2852638888888889
0 0.4770625 0.17847222222222223 0.11878906250000001 0.2712916666666667
0 0.7698984375 0.5784166666666667 0.06509374999999999 0.08180555555555555
0 0.7852187500000001 0.6800972222222222 0.054570312499999996 0.09977777777777778
0 0.51953125 0.7504722222222223 0.10307812499999999 0.14780555555555555
0 0.253109375 0.270125 0.07990625 0.13854166666666667
0 0.6967265625 0.5434444444444444 0.0449921875 0.10944444444444444
0 0.1605 0.44013888888888886 0.0621015625 0.10775
0 0.0905234375 0.7724305555555555 0.070359375 0.11366666666666667
0 0.0722890625 0.29818055555555556 0.08053906250000001 0.07268055555555555
0 0.1880859375 0.6730833333333334 0.0504375 0.142375
0 0.035671875 0.6748472222222222 0.05209375000000001 0.06747222222222223
0 0.45239062499999994 0.8967222222222222 0.049539062499999995 0.08045833333333333
0 0.21776562500000002 0.8253888888888888 0.056843750000000005 0.10037499999999999
0 0.080796875 0.5831944444444445 0.0645078125 0.10806944444444445
0 0.3280546875 0.470125 0.0752578125 0.14294444444444446