0 0.0391953125 0.8960694444444444 0.0783828125 0.20787499999999998
0 0.7478281250000001 0.89375 0.1331484375 0.2125
0 0.8264609374999999 0.7133194444444445 0.17584375000000002 0.26368055555555553
0 0.9330703124999999 0.25545833333333334 0.13385156250000002 0.341875
0 0.8956015624999999 0.5922916666666667 0.07714062499999999 0.23922222222222222
0 0.742359375 0.43379166666666663 0.1170078125 0.2046111111111111
0 0.5295703125 0.4931527777777778 0.06636718750000001 0.09920833333333334
0 0.6473125 0.46599999999999997 0.06754687499999999 0.07819444444444444
0 0.4128046875 0.30540277777777775 0.0420859375 0.11234722222222222
0 0.41618750000000004 0.20733333333333334 0.0409453125 0.09088888888888888
0 0.5789609375 0.05498611111111112 0.0584453125 0.06275