0 0.23778125 0.0866875 0.08415625 0.12152083333333333
0 0.1584375 0.14662499999999998 0.080078125 0.13489583333333333
0 0.387765625 0.07372916666666667 0.07584375 0.132625
0 0.319375 0.13439583333333335 0.08595312499999999 0.088625
0 0.144390625 0.06285416666666667 0.055671875 0.06922916666666666
0 0.601984375 0.25585416666666666 0.071015625 0.112625
0 0.61484375 0.3345 0.054984374999999995 0.08114583333333333
0 0.6603125000000001 0.2625625 0.051578124999999996 0.12139583333333334
0 0.5308125 0.31485416666666666 0.109203125 0.16116666666666665
0 0.81778125 0.3095208333333333 0.19153125 0.23847916666666666
0 0.7993750000000001 0.4687708333333333 0.096390625 0.1281875
0 0.8797499999999999 0.6175208333333334 0.1405 0.2665
0 0.8262656249999999 0.7751666666666667 0.085875 0.14504166666666668
0 0.2624375 0.8528749999999999 0.069578125 0.14002083333333332
0 0.020999999999999998 0.9006875 0.042015625 0.19860416666666666
0 0.29748437499999997 0.4153333333333334 0.18803125 0.22116666666666665
0 0.32284375 0.4736041666666667 0.11540625 0.15460416666666665
0 0.15203125 0.38660416666666664 0.12371875000000002 0.09170833333333334
0 0.02275 0.34933333333333333 0.045484375 0.11441666666666667
0 0.15740625 0.4962916666666667 0.081703125 0.098125
0 0.19803125 0.30906249999999996 0.076859375 0.09870833333333334
0 0.733234375 0.7494375000000001 0.0863125 0.0951875
0 0.968625 0.7304583333333333 0.06275 0.10352083333333333
0 0.21259375 0.9414791666666668 0.06401562499999999 0.11704166666666667
0 0.359609375 0.9195625 0.062609375 0.092125
0 0.1414375 0.7962916666666667 0.10121875 0.12970833333333334
0 0.28346875 0.6357291666666666 0.078515625 0.111625
0 0.5489375 0.470625 0.07315625 0.1601875
0 0.120703125 0.6158541666666667 0.05746875 0.08170833333333333
0 0.07893750000000001 0.572875 0.057874999999999996 0.0616875
0 0.02003125 0.46760416666666665 0.0400625 0.1086875
0 0.44453125 0.20783333333333334 0.057515625 0.08916666666666666