0 0.04072916666666667 0.8374537037037038 0.08145833333333334 0.24452777777777776
0 0.11352604166666666 0.6965833333333333 0.10878125000000001 0.14427777777777778
0 0.15435416666666668 0.23227777777777778 0.09379166666666668 0.19343518518518518
0 0.06929166666666667 0.27961111111111114 0.10557812500000001 0.23498148148148149
0 0.16466666666666668 0.4385092592592592 0.08775 0.1540648148148148
0 0.195703125 0.3259722222222222 0.038177083333333334 0.07712037037037038
0 0.3970416666666667 0.2726296296296296 0.09591145833333334 0.2222962962962963
0 0.4363125 0.39371296296296293 0.06946354166666667 0.14594444444444446
0 0.4597447916666667 0.07714814814814815 0.04967708333333333 0.15428703703703703
0 0.49953125000000004 0.06685185185185186 0.049265625 0.1337037037037037
0 0.5606770833333333 0.18711111111111112 0.06656770833333334 0.14755555555555558
0 0.4485989583333333 0.19396296296296295 0.06571354166666667 0.12792592592592592
0 0.53296875 0.3592685185185185 0.101140625 0.24741666666666665
0 0.44609895833333335 0.2989351851851852 0.04571875 0.08972222222222223
0 0.49182812499999995 0.5081111111111111 0.11051041666666667 0.23399999999999999
0 0.3765208333333333 0.5009074074074075 0.06820312499999999 0.11218518518518518
0 0.301625 0.5984444444444444 0.046406249999999996 0.07281481481481482
0 0.3153802083333333 0.5518240740740741 0.06756770833333332 0.09919444444444445
0 0.29215625 0.4877685185185185 0.041109375000000004 0.08220370370370371
0 0.41376562499999997 0.5180370370370371 0.051281249999999994 0.07866666666666666
0 0.587453125 0.5610648148148148 0.052875 0.19249074074074074
0 0.6923072916666667 0.31792592592592595 0.10705208333333333 0.22473148148148148
0 0.839515625 0.3310462962962963 0.08346875 0.1614722222222222
0 0.770421875 0.3970925925925926 0.04109895833333333 0.07133333333333335
0 0.8602604166666666 0.49982407407407403 0.11663020833333333 0.1471759259259259
0 0.9636302083333333 0.5086203703703703 0.07274479166666666 0.13699074074074072
0 0.8071406250000001 0.6698333333333333 0.06315104166666667 0.123
0 0.6680885416666666 0.5198703703703704 0.08778124999999999 0.16875925925925925
0 0.7197291666666668 0.5684722222222223 0.0383125 0.13325
0 0.6343229166666667 0.4890277777777778 0.035520833333333335 0.10707407407407407
0 0.6412656250000001 0.7778240740740741 0.07718749999999999 0.14145370370370372
0 0.7377864583333333 0.8426203703703703 0.07859375 0.14758333333333332
0 0.8313541666666667 0.7960277777777778 0.06853645833333334 0.13464814814814813
0 0.748375 0.671074074074074 0.05394270833333333 0.07610185185185185
0 0.7633020833333333 0.5996481481481482 0.03797395833333333 0.05362037037037037
0 0.959640625 0.6980740740740741 0.037333333333333336 0.09613888888888888
0 0.9788177083333333 0.7669166666666667 0.042359375 0.17974074074074076
0 0.973609375 0.9376574074074073 0.05277604166666667 0.12469444444444443
0 0.646390625 0.9629629629629629 0.07909895833333333 0.07407407407407407
0 0.46897395833333333 0.7389074074074073 0.05893229166666667 0.11670370370370371
0 0.38321354166666666 0.858462962962963 0.07766666666666668 0.17371296296296299
0 0.6334531250000001 0.8859351851851851 0.04072916666666667 0.06199999999999999
0 0.27366666666666667 0.8189537037037037 0.16504166666666667 0.2551851851851852
0 0.320625 0.7072777777777778 0.10444791666666667 0.14294444444444443
0 0.18713541666666667 0.9506203703703704 0.06878125 0.09876851851851852
0 0.08783854166666667 0.9547407407407407 0.03820833333333333 0.05763888888888889
0 0.041749999999999995 0.9656944444444445 0.04879166666666667 0.05793518518518519
0 0.14165625 0.9542777777777777 0.041692708333333335 0.09064814814814816
0 0.11109895833333333 0.8745277777777778 0.040296875 0.045342592592592594
0 0.505515625 0.9799351851851851 0.07091666666666667 0.04012037037037037
0 0.41316145833333334 0.9807129629629631 0.054234374999999994 0.03858333333333334
0 0.2941614583333333 0.9567870370370369 0.07175 0.08641666666666667
0 0.9231822916666667 0.9783981481481482 0.056088541666666665 0.04321296296296297
0 0.8872552083333333 0.8887129629629629 0.040078125 0.06137962962962964
0 0.8481927083333333 0.7289629629629629 0.04528125 0.06841666666666667
0 0.37436458333333333 0.6948611111111112 0.07106770833333333 0.08972222222222223
0 0.35153125 0.6308425925925926 0.049015625 0.06971296296296296
0 0.21933854166666666 0.6217407407407407 0.03736458333333333 0.0731111111111111
0 0.21717187500000001 0.5226944444444445 0.05385416666666667 0.11575