0 0.49645312500000005 0.5841875000000001 0.18487499999999998 0.3479791666666667
0 0.101515625 0.7154583333333334 0.075453125 0.1255625
0 0.125125 0.8307083333333334 0.08378125 0.08952083333333333
0 0.747296875 0.7559583333333334 0.10332812499999999 0.07697916666666667
0 0.185703125 0.26491666666666663 0.09109375 0.19793750000000002
0 0.065578125 0.5372708333333333 0.09523437500000001 0.15785416666666666
0 0.34403125 0.06041666666666667 0.10778125000000001 0.12083333333333333
0 0.12703124999999998 0.19845833333333335 0.0485 0.09043749999999999
0 0.19439062499999998 0.09758333333333334 0.052890625000000004 0.09277083333333333
0 0.250625 0.051166666666666666 0.079296875 0.1023125
0 0.305140625 0.3248333333333333 0.046671875 0.092
0 0.53515625 0.24479166666666666 0.0904375 0.2798541666666667
0 0.748328125 0.48170833333333335 0.05846875 0.10137499999999999
0 0.8030156249999999 0.48010416666666667 0.060187500000000005 0.091625
0 0.771765625 0.5999791666666667 0.057859375000000005 0.06485416666666667
0 0.858046875 0.40837500000000004 0.08321875 0.13322916666666668
0 0.9227968750000001 0.41787500000000005 0.0821875 0.100375
0 0.7603125000000001 0.2642083333333333 0.073828125 0.12991666666666665
0 0.75996875 0.14758333333333334 0.081453125 0.1224375
0 0.6306406250000001 0.09760416666666667 0.10053125 0.1298125
0 0.7750625 0.03958333333333333 0.077203125 0.07916666666666666
0 0.9411406250000001 0.0881875 0.11770312499999999 0.17639583333333334
0 0.9836874999999999 0.7577708333333334 0.032640625 0.11183333333333333
0 0.96284375 0.8711875 0.0743125 0.07797916666666667
0 0.8611718749999999 0.5897708333333332 0.08390625 0.08139583333333333
0 0.840859375 0.23733333333333334 0.079390625 0.112625
0 0.8372187500000001 0.145 0.06932812499999999 0.09000000000000001
0 0.8846093749999999 0.27529166666666666 0.089125 0.11445833333333333
0 0.263296875 0.26995833333333336 0.09534375 0.11770833333333333
0 0.432734375 0.15129166666666669 0.079671875 0.11502083333333334
0 0.344203125 0.25147916666666664 0.055359375 0.0859375
0 0.16243749999999998 0.38525 0.089 0.14247916666666666
0 0.064578125 0.9597291666666667 0.129171875 0.08056250000000001
0 0.027078124999999998 0.2905416666666667 0.054171875 0.15425000000000003
0 0.42943749999999997 0.40116666666666667 0.06303125000000001 0.0699375
0 0.9671875 0.29287500000000005 0.065625 0.14962499999999998