0 0.6012187499999999 0.15069444444444444 0.1888984375 0.3013888888888889
0 0.39265625000000004 0.15869444444444444 0.0980234375 0.1187361111111111
0 0.4000703125 0.025694444444444443 0.0600390625 0.05138888888888889
0 0.26975 0.17629166666666668 0.083421875 0.17613888888888887
0 0.077578125 0.07259722222222223 0.051101562499999996 0.10572222222222223
0 0.6195859375 0.5626805555555555 0.0667734375 0.21702777777777776
0 0.711765625 0.2947638888888889 0.06135937500000001 0.17991666666666667
0 0.7613749999999999 0.42897222222222225 0.048085937499999995 0.09668055555555556
0 0.9692968750000001 0.5536944444444445 0.0410859375 0.06483333333333333
0 0.85290625 0.700875 0.043671875 0.10379166666666667
0 0.7551249999999999 0.7906111111111112 0.123078125 0.2793611111111111
0 0.6681484375 0.8068194444444444 0.08837500000000001 0.17290277777777777
0 0.692109375 0.9238472222222222 0.161609375 0.15231944444444445
0 0.609171875 0.82025 0.0459453125 0.11643055555555555
0 0.5077499999999999 0.4363472222222222 0.034499999999999996 0.06622222222222222
0 0.4246796875 0.8086944444444444 0.070421875 0.06552777777777778
0 0.2293828125 0.8237222222222222 0.054765625 0.1094861111111111
0 0.1189765625 0.48818055555555556 0.07766406249999999 0.07729166666666666
0 0.08695312499999999 0.7571111111111111 0.105265625 0.07930555555555556
0 0.2640234375 0.9125833333333333 0.074046875 0.08351388888888889