0 0.12874479166666666 0.16975925925925925 0.08678125 0.12562962962962965
0 0.23915625000000001 0.22830555555555554 0.11596354166666667 0.12698148148148147
0 0.36127604166666666 0.08136111111111112 0.07483854166666666 0.10624074074074073
0 0.4955104166666667 0.2426574074074074 0.0641875 0.09087037037037037
0 0.5942031249999999 0.011805555555555555 0.06993229166666667 0.02361111111111111
0 0.7324739583333333 0.1136574074074074 0.10068229166666667 0.2273148148148148
0 0.8605885416666667 0.1553240740740741 0.15694791666666666 0.3106481481481482
0 0.8560312499999999 0.3498055555555556 0.11658333333333333 0.0875648148148148
0 0.7141093749999999 0.6094166666666666 0.14311458333333332 0.28271296296296294
0 0.5311875 0.9516203703703704 0.08138020833333333 0.09675925925925925
0 0.43522916666666667 0.9423611111111111 0.11443229166666667 0.11527777777777778
0 0.6029166666666667 0.8713888888888889 0.08552083333333332 0.1585185185185185
0 0.5305364583333333 0.6915925925925925 0.06966145833333333 0.11836111111111111
0 0.05765625 0.5013703703703704 0.08833333333333333 0.1360648148148148
0 0.35080729166666663 0.6884351851851852 0.03059375 0.09132407407407407
0 0.36018229166666665 0.6679814814814814 0.04838541666666667 0.1174537037037037
0 0.2905729166666667 0.676537037037037 0.0728125 0.16697222222222224
0 0.14697916666666666 0.6701203703703704 0.2523958333333333 0.19773148148148148
0 0.10494791666666667 0.8891203703703704 0.20989583333333334 0.22175925925925927
0 0.3493229166666667 0.962574074074074 0.03166145833333333 0.07237962962962963
0 0.8676145833333333 0.7253796296296297 0.03352083333333333 0.06558333333333333
0 0.9508072916666667 0.9436018518518519 0.04171875 0.08072222222222222