0 0.8604218749999999 0.7394375 0.27917187499999996 0.4409166666666666
0 0.909546875 0.4111041666666667 0.18090625 0.20554166666666665
0 0.9619843749999999 0.32133333333333336 0.076046875 0.10008333333333333
0 0.0930625 0.70475 0.186109375 0.30672916666666666
0 0.110359375 0.9527708333333333 0.0959375 0.0944375
0 0.177375 0.11018750000000001 0.13553125 0.22037500000000002
0 0.3473125 0.04883333333333333 0.082828125 0.0976875
0 0.42960937499999996 0.5588125 0.092859375 0.2490416666666667
0 0.55771875 0.4953958333333333 0.0796875 0.18141666666666667
0 0.54209375 0.21741666666666667 0.11821875 0.24870833333333334
0 0.71275 0.31854166666666667 0.12034375 0.15006250000000002
0 0.5511250000000001 0.6448750000000001 0.0859375 0.13245833333333332
0 0.390203125 0.6937083333333334 0.086265625 0.14127083333333335
0 0.622125 0.11218750000000001 0.10018750000000001 0.1515625
0 0.6540781250000001 0.043062500000000004 0.10575000000000001 0.08610416666666666
0 0.23396875 0.6733541666666666 0.112625 0.12645833333333334
0 0.35957812499999997 0.3875625 0.07125000000000001 0.07289583333333334
0 0.63365625 0.3859375 0.063828125 0.10564583333333334
0 0.7675 0.14477083333333332 0.05115625 0.11074999999999999
0 0.1286875 0.26206250000000003 0.088953125 0.11866666666666667
0 0.11139062500000001 0.5415 0.0788125 0.12254166666666667
0 0.20770312500000002 0.5829791666666666 0.046015625 0.07233333333333333