0 0.8775000000000001 0.05347222222222222 0.1945859375 0.10694444444444444
0 0.9723984375000001 0.09668055555555556 0.0552109375 0.15016666666666667
0 0.8510859375000001 0.4273611111111111 0.1212734375 0.14158333333333334
0 0.7497812500000001 0.3340972222222222 0.06675 0.092
0 0.6350859375 0.11495833333333333 0.087125 0.1460138888888889
0 0.7440625 0.143875 0.08010937500000001 0.12983333333333333
0 0.45307031249999996 0.2783333333333333 0.08136718750000001 0.14333333333333334
0 0.4370546875 0.7575138888888888 0.15765625 0.3011388888888889
0 0.3206484375 0.9059166666666667 0.1251484375 0.18815277777777778
0 0.0865625 0.777013888888889 0.08157031249999999 0.10430555555555555
0 0.323390625 0.7684166666666666 0.05946875 0.10536111111111111
0 0.265578125 0.3618333333333333 0.054070312499999995 0.111625
0 0.9682265624999999 0.46411111111111114 0.0635390625 0.10323611111111111