0 0.7717708333333333 0.19814814814814816 0.39979166666666666 0.3962962962962963
0 0.7116406249999999 0.5810462962962962 0.13192708333333333 0.31569444444444444
0 0.5861197916666666 0.856712962962963 0.200359375 0.2865740740740741
0 0.7212760416666666 0.8536111111111111 0.08661979166666667 0.13165740740740742
0 0.7829895833333332 0.9068425925925926 0.07256770833333334 0.18630555555555556
0 0.8919635416666666 0.9400462962962963 0.08638541666666667 0.11990740740740741
0 0.9448229166666666 0.732537037037037 0.06920833333333333 0.16230555555555554
0 0.8203541666666666 0.6886111111111112 0.05772916666666667 0.10517592592592592
0 0.9222916666666666 0.34682407407407406 0.05500520833333333 0.09895370370370371
0 0.6483541666666667 0.39194444444444443 0.080046875 0.05963888888888889
0 0.3608854166666667 0.43962962962962965 0.09905729166666667 0.15871296296296297
0 0.43808854166666666 0.07537962962962963 0.04232291666666667 0.10016666666666667
0 0.498109375 0.05347222222222222 0.03476041666666666 0.10694444444444444
0 0.5564374999999999 0.17950925925925926 0.03683854166666667 0.10486111111111111
0 0.024583333333333336 0.9741018518518518 0.04916666666666667 0.051166666666666666
0 0.12571354166666668 0.9350277777777778 0.07816145833333334 0.11747222222222223
0 0.0683125 0.9677777777777778 0.04663020833333333 0.06444444444444444
0 0.09445833333333334 0.6051296296296296 0.076 0.14655555555555555
0 0.5347031250000001 0.5890092592592593 0.044708333333333336 0.09235185185185185