0 0.12261458333333333 0.2784907407407407 0.1691875 0.29680555555555554
0 0.17952604166666666 0.4671851851851852 0.12584895833333334 0.3211759259259259
0 0.5816041666666667 0.11698148148148148 0.12536458333333333 0.23396296296296296
0 0.6455104166666668 0.25105555555555553 0.10438541666666666 0.2912314814814815
0 0.8316458333333333 0.04186111111111111 0.09478645833333334 0.08371296296296296
0 0.916234375 0.12123148148148148 0.07178645833333334 0.13882407407407407
0 0.6640052083333334 0.7128611111111111 0.08206770833333334 0.12132407407407407
0 0.6681822916666668 0.7875555555555555 0.05757291666666667 0.08930555555555555
0 0.4551875 0.6497407407407407 0.06216145833333333 0.09667592592592593
0 0.36986979166666667 0.553675925925926 0.05126041666666667 0.09023148148148148
0 0.31742708333333336 0.5496388888888889 0.041895833333333334 0.09049074074074075
0 0.6362187499999999 0.06093518518518519 0.07190104166666668 0.12186111111111113
0 0.5126822916666667 0.08517592592592592 0.023963541666666664 0.07551851851851853
0 0.49073958333333334 0.2797777777777778 0.04328645833333333 0.07819444444444444
0 0.18266666666666667 0.7136944444444444 0.07909375 0.17614814814814816
0 0.082421875 0.7399907407407408 0.0911875 0.1355
0 0.0160625 0.8523981481481482 0.032130208333333334 0.08056481481481483
0 0.8630729166666666 0.9614444444444443 0.09072916666666667 0.07712037037037038
0 0.8349895833333334 0.8849537037037037 0.04450520833333334 0.09161111111111112
0 0.41782291666666665 0.19096296296296297 0.049734375 0.10021296296296296
0 0.9724635416666667 0.25870370370370366 0.055072916666666666 0.0818611111111111
0 0.858703125 0.3805 0.08530208333333333 0.11995370370370372