0 0.489125 0.04421296296296296 0.05065104166666667 0.08842592592592592
0 0.2989114583333333 0.2086388888888889 0.09800520833333333 0.12930555555555556
0 0.005338541666666667 0.0619537037037037 0.010677083333333334 0.08072222222222222
0 0.06026041666666667 0.10777777777777778 0.051875 0.08352777777777777
0 0.051791666666666666 0.033796296296296297 0.058791666666666666 0.06759259259259259
0 0.32936979166666663 0.43214814814814817 0.19727604166666665 0.3263333333333333
0 0.17977083333333335 0.4514537037037037 0.14027604166666666 0.3526388888888889
0 0.7798541666666666 0.2690277777777778 0.09825520833333333 0.1713888888888889
0 0.72453125 0.5582685185185184 0.13479166666666667 0.2776574074074074
0 0.9330729166666667 0.8590277777777777 0.13385416666666666 0.28194444444444444
0 0.847171875 0.9238425925925926 0.05319270833333333 0.15231481481481482
0 0.6004531249999999 0.8659722222222223 0.16159375 0.26805555555555555
0 0.6891145833333333 0.848712962962963 0.07020833333333334 0.1594537037037037
0 0.7759583333333333 0.8292777777777778 0.08766666666666666 0.10207407407407407
0 0.366484375 0.7126851851851852 0.07484375 0.14962037037037038
0 0.42207812499999997 0.8914351851851852 0.07563020833333334 0.21712962962962962
0 0.33483854166666666 0.9365740740740741 0.09884895833333333 0.12685185185185185
0 0.43119270833333334 0.7626388888888889 0.04178125 0.0799074074074074
0 0.031640625 0.9354166666666667 0.06328125 0.12916666666666668
0 0.15179166666666666 0.9342592592592592 0.074546875 0.13148148148148148
0 0.16636979166666668 0.7063796296296296 0.07663020833333332 0.22202777777777777
0 0.07210937499999999 0.6652037037037036 0.07765625 0.13041666666666665
0 0.9884114583333333 0.6575648148148148 0.023177083333333334 0.13828703703703704