0 0.0683359375 0.2165 0.13467968749999998 0.19131944444444443
0 0.28771874999999997 0.09513888888888888 0.21935156249999999 0.19027777777777777
0 0.46400781249999995 0.06388888888888888 0.0907421875 0.12777777777777777
0 0.664640625 0.17073611111111112 0.098328125 0.16872222222222222
0 0.827125 0.16286111111111112 0.1066875 0.15668055555555555
0 0.324953125 0.4334027777777778 0.18133593750000002 0.3609583333333333
0 0.8246484374999999 0.2743888888888889 0.06215625 0.07252777777777777
0 0.722578125 0.20404166666666665 0.06839062500000001 0.10209722222222223
0 0.8742578125 0.42616666666666664 0.06971875 0.10140277777777779
0 0.959796875 0.44188888888888894 0.0574921875 0.16988888888888887
0 0.8769765625 0.6755972222222222 0.183125 0.31322222222222224
0 0.9243828125 0.9216527777777779 0.055406250000000004 0.15669444444444444
0 0.29878125 0.7327638888888889 0.09566406250000001 0.20997222222222223
0 0.1769140625 0.7369444444444445 0.0789765625 0.07945833333333334
0 0.359328125 0.8339027777777778 0.0709375 0.12984722222222222
0 0.5180390625 0.898375 0.10507031250000001 0.20323611111111112
0 0.2076484375 0.9701388888888889 0.12168749999999999 0.059722222222222225
0 0.6191953125 0.5992638888888889 0.0511875 0.09573611111111112
0 0.055703125 0.9181388888888888 0.0740078125 0.09461111111111112
0 0.09293749999999999 0.8339027777777778 0.05682812499999999 0.09281944444444444
0 0.152046875 0.8547638888888888 0.047984375 0.09694444444444444
0 0.5059218750000001 0.5835555555555556 0.043359375 0.10233333333333335
0 0.24982031249999997 0.23177777777777778 0.07725 0.12004166666666667
0 0.7801171874999999 0.8915277777777777 0.05190625 0.07380555555555555