0 0.4913359375 0.1900416666666667 0.21912500000000001 0.38009722222222225
0 0.916796875 0.15416666666666667 0.16640625 0.30833333333333335
0 0.5878203125 0.2056666666666667 0.06967187500000001 0.1312638888888889
0 0.8354140624999999 0.7432916666666666 0.32916406249999997 0.5134305555555556
0 0.155046875 0.2332222222222222 0.12271875000000002 0.25669444444444445
0 0.0809609375 0.29430555555555554 0.11203125 0.2086111111111111
0 0.0586953125 0.7880694444444444 0.07583593749999999 0.19559722222222223
0 0.08642968749999999 0.974763888888889 0.064640625 0.050458333333333334
0 0.06625 0.12281944444444445 0.06593750000000001 0.10251388888888889
0 0.014687500000000001 0.20958333333333334 0.0288515625 0.05397222222222222
0 0.0359375 0.635125 0.071875 0.09802777777777777
0 0.12510156249999999 0.48377777777777775 0.08365625 0.11941666666666667
0 0.1666328125 0.529875 0.07090625 0.1171111111111111
0 0.368953125 0.6085138888888889 0.0889453125 0.11425
0 0.56034375 0.7094166666666666 0.0706875 0.09381944444444444
0 0.6944453125 0.5675555555555556 0.073265625 0.11102777777777778
0 0.7677578125 0.4594861111111111 0.07959374999999999 0.09397222222222222
0 0.0118515625 0.7712222222222221 0.0236953125 0.11124999999999999