0 0.38153125 0.19820833333333335 0.171671875 0.2241875
0 0.24906250000000002 0.14291666666666666 0.087703125 0.1275
0 0.133109375 0.28985416666666663 0.1303125 0.20377083333333335
0 0.02275 0.46739583333333334 0.045484375 0.12170833333333334
0 0.07112500000000001 0.4118541666666667 0.070234375 0.08464583333333334
0 0.0131875 0.7001458333333334 0.026390625 0.149375
0 0.17095312499999998 0.7464375000000001 0.061578125 0.13083333333333333
0 0.5487031250000001 0.8148958333333333 0.194953125 0.28629166666666667
0 0.04421875 0.5876874999999999 0.058078125 0.06335416666666667
0 0.411203125 0.37733333333333335 0.12271875000000002 0.1657708333333333
0 0.822453125 0.11514583333333334 0.095359375 0.12752083333333333
0 0.66309375 0.39931249999999996 0.078953125 0.21435416666666668
0 0.68946875 0.24472916666666666 0.11784375 0.10891666666666668
0 0.737390625 0.4381875 0.077984375 0.14397916666666666
0 0.74746875 0.32458333333333333 0.0925625 0.09729166666666668
0 0.597125 0.3086041666666667 0.06684375000000001 0.10702083333333333
0 0.9030156249999999 0.4650416666666667 0.08703125 0.12358333333333334
0 0.9184531249999999 0.6249375 0.1429375 0.17022916666666665
0 0.71275 0.6952708333333334 0.175890625 0.25535416666666666
0 0.820890625 0.7517499999999999 0.067234375 0.105375
0 0.934609375 0.8258125 0.08634375 0.07200000000000001
0 0.92175 0.7464375000000001 0.07731249999999999 0.07529166666666667
0 0.9804375000000001 0.7075833333333333 0.039140625 0.0765
0 0.849015625 0.9377291666666667 0.101265625 0.12454166666666668
0 0.665875 0.9517083333333333 0.082140625 0.06452083333333333
0 0.3685 0.7570625 0.11784375 0.19839583333333335
0 0.183109375 0.6358333333333334 0.071984375 0.06702083333333334
0 0.156890625 0.47060416666666666 0.072328125 0.09766666666666667