0 0.16193229166666667 0.7189814814814814 0.28427604166666665 0.562037037037037
0 0.8770833333333333 0.7664351851851852 0.24583333333333332 0.4671296296296296
0 0.8551041666666667 0.32012962962962965 0.233125 0.41711111111111115
0 0.529234375 0.7841944444444444 0.10871875 0.17789814814814814
0 0.55475 0.6596851851851853 0.09934895833333333 0.10284259259259258
0 0.7380625 0.5263518518518518 0.14226562499999998 0.18603703703703703
0 0.39317708333333334 0.3568055555555556 0.1178125 0.3150925925925926
0 0.26558333333333334 0.4757222222222222 0.07091666666666667 0.12355555555555556
0 0.67 0.9538611111111112 0.08752604166666668 0.09227777777777778
0 0.7003177083333333 0.2687777777777777 0.0833125 0.1065925925925926
0 0.48171354166666663 0.15214814814814814 0.07560416666666667 0.09568518518518519