0 0.24422916666666666 0.033796296296296297 0.06154166666666667 0.06759259259259259
0 0.04049479166666667 0.40670370370370373 0.08098958333333334 0.24766666666666667
0 0.16403125 0.919212962962963 0.16985416666666667 0.16157407407407406
0 0.8064270833333332 0.9458333333333333 0.129859375 0.10833333333333334
0 0.835328125 0.6545555555555556 0.11892708333333334 0.1924351851851852
0 0.9509427083333333 0.7563703703703704 0.09811458333333332 0.21088888888888888
0 0.860328125 0.040740740740740744 0.089765625 0.08148148148148149
0 0.59628125 0.14129629629629628 0.044932291666666666 0.11962962962962961
0 0.6116458333333333 0.2961111111111111 0.050666666666666665 0.09130555555555556
0 0.69328125 0.43542592592592594 0.051458333333333335 0.08287962962962964
0 0.7072135416666666 0.3511944444444445 0.06266145833333334 0.06257407407407407
0 0.47884895833333335 0.1859537037037037 0.10793229166666667 0.1672685185185185
0 0.16350520833333335 0.5224166666666668 0.08756770833333333 0.16428703703703704
0 0.242796875 0.475212962962963 0.05659375 0.1439537037037037
0 0.2547760416666667 0.7404166666666666 0.053468749999999995 0.10953703703703703
0 0.7710104166666666 0.5626851851851852 0.09652083333333333 0.18
0 0.5889895833333333 0.7667962962962963 0.04909895833333333 0.09749074074074075
0 0.522328125 0.3324537037037037 0.026171875 0.048240740740740744
0 0.4477291666666667 0.47706481481481483 0.07902083333333333 0.1476574074074074