0 0.3118177083333334 0.7479166666666667 0.44459375 0.5041666666666667
0 0.91240625 0.9030092592592592 0.15227083333333333 0.19398148148148148
0 0.7516041666666666 0.7333055555555555 0.0964375 0.2611759259259259
0 0.580140625 0.854712962962963 0.10846874999999999 0.2547962962962963
0 0.5900364583333333 0.6393333333333333 0.11992708333333332 0.18058333333333335
0 0.484703125 0.2808888888888889 0.06756770833333332 0.20766666666666667
0 0.5134791666666667 0.5020462962962964 0.10637500000000001 0.2161388888888889
0 0.955625 0.18596296296296297 0.069578125 0.11173148148148149
0 0.9324479166666666 0.37525 0.11177083333333333 0.19212962962962962
0 0.969921875 0.6441851851851852 0.06015625 0.10144444444444445
0 0.98125 0.5557592592592593 0.0375 0.08280555555555556
0 0.6596875 0.6381574074074075 0.05093229166666667 0.06719444444444443
0 0.345390625 0.01990740740740741 0.044421875000000006 0.03981481481481482
0 0.28158854166666664 0.06157407407407407 0.06786979166666667 0.12314814814814815
0 0.09127604166666667 0.1839351851851852 0.18255208333333334 0.2950833333333333
0 0.10127083333333334 0.48147222222222225 0.07141145833333334 0.1240462962962963
0 0.009895833333333333 0.5073888888888889 0.019791666666666666 0.08330555555555555
0 0.0125 0.1182037037037037 0.025 0.18581481481481482
0 0.03330208333333333 0.7667962962962963 0.066609375 0.1345185185185185
0 0.024869791666666665 0.9736111111111111 0.04973958333333333 0.05277777777777778
0 0.06077604166666666 0.9084537037037037 0.06373958333333334 0.10068518518518518
0 0.314796875 0.34494444444444444 0.08186458333333334 0.06396296296296296
0 0.19461979166666668 0.3167037037037037 0.07101041666666667 0.1093425925925926