0 0.0170546875 0.07441666666666666 0.034109375 0.12013888888888889
0 0.09281249999999999 0.2572222222222222 0.09614843749999999 0.19869444444444445
0 0.267671875 0.5392916666666667 0.13966406250000002 0.2674861111111111
0 0.10895312500000001 0.5726388888888889 0.0846953125 0.11195833333333333
0 0.028125 0.8251111111111111 0.05625 0.12151388888888888
0 0.5650390625 0.5932361111111111 0.07617968750000001 0.1114861111111111
0 0.332765625 0.3058333333333333 0.051140624999999995 0.10147222222222223
0 0.5544921875 0.3734027777777778 0.0634140625 0.10698611111111112
0 0.8594140625 0.3555833333333333 0.11502343749999999 0.15004166666666666
0 0.8670937500000001 0.9666666666666667 0.055398437499999995 0.06666666666666667
0 0.3004765625 0.04190277777777778 0.0428046875 0.08379166666666667
0 0.379421875 0.749125 0.060804687499999996 0.06490277777777777
0 0.43823437500000006 0.8413472222222222 0.0391640625 0.05493055555555555
0 0.25710937500000003 0.8574166666666667 0.0465 0.09895833333333333
0 0.1185078125 0.9054166666666666 0.0513828125 0.07591666666666666
0 0.7918828125 0.6840555555555555 0.0394453125 0.09351388888888888
0 0.712203125 0.9783749999999999 0.033625 0.043250000000000004
0 0.6718046875 0.854638888888889 0.03853125 0.08547222222222223
0 0.6262734375 0.07511111111111111 0.0581640625 0.08991666666666666
0 0.5178046875 0.1748888888888889 0.04296875 0.07120833333333333
0 0.6343125 0.37979166666666664 0.0778046875 0.07702777777777778
0 0.3979453125 0.18808333333333332 0.0483125 0.10800000000000001
0 0.9873984374999999 0.7331111111111112 0.0251953125 0.11781944444444445