0 0.03203125 0.06273148148148149 0.0640625 0.12546296296296297
0 0.29826041666666664 0.2411851851851852 0.09670312499999999 0.11571296296296296
0 0.08473958333333333 0.4079259259259259 0.10708333333333334 0.16192592592592592
0 0.3705208333333333 0.025694444444444443 0.06416666666666666 0.05138888888888889
0 0.028776041666666665 0.45669444444444446 0.05755208333333333 0.1995
0 0.03919270833333333 0.7311666666666666 0.07838541666666667 0.09102777777777778
0 0.07450520833333334 0.5621944444444444 0.07286458333333333 0.13733333333333334
0 0.10361979166666666 0.8334444444444444 0.11359895833333335 0.10114814814814814
0 0.323 0.9574074074074074 0.09410416666666667 0.08518518518518518
0 0.5789791666666667 0.9180555555555555 0.306109375 0.1638888888888889
0 0.8368749999999999 0.6276759259259259 0.25916666666666666 0.3794351851851852
0 0.513078125 0.6899351851851852 0.09855729166666666 0.33264814814814814
0 0.7023958333333333 0.9246388888888889 0.0696875 0.12614814814814815
0 0.7876770833333333 0.9770833333333333 0.073609375 0.04583333333333333
0 0.87190625 0.14318518518518517 0.08704166666666667 0.13585185185185186
0 0.971484375 0.18996296296296297 0.05703125 0.36636111111111114
0 0.951984375 0.577824074074074 0.09603125 0.16027777777777777
0 0.6784427083333333 0.2114722222222222 0.21133854166666666 0.2909351851851852
0 0.6544739583333333 0.7040648148148148 0.09489062499999999 0.2266574074074074
0 0.2745625 0.8748703703703704 0.05555729166666667 0.09603703703703703
0 0.03984375 0.9123611111111112 0.0796875 0.08767592592592592
0 0.9441666666666666 0.4326574074074074 0.11166145833333332 0.14150925925925928
0 0.30091666666666667 0.26542592592592595 0.06920833333333333 0.12626851851851853