0 0.0346328125 0.06504166666666666 0.0692734375 0.13009722222222223
0 0.0887734375 0.4048611111111111 0.1172421875 0.16991666666666666
0 0.21089843749999998 0.617736111111111 0.0761171875 0.3178888888888889
0 0.10959375 0.5740138888888889 0.13273437500000002 0.23506944444444444
0 0.32404687499999996 0.8798611111111111 0.17534375 0.24027777777777778
0 0.0497109375 0.9701388888888889 0.0599453125 0.059722222222222225
0 0.0307265625 0.6374305555555555 0.0614609375 0.16745833333333332
0 0.0648125 0.8140416666666667 0.0431640625 0.159875
0 0.42546875 0.8325 0.0948984375 0.210375
0 0.38692187499999997 0.7080138888888888 0.0780078125 0.11881944444444444
0 0.5077499999999999 0.7659027777777778 0.0553359375 0.08948611111111113
0 0.8431328125 0.8188472222222223 0.1362578125 0.2154722222222222
0 0.5443359375 0.6045694444444445 0.0993515625 0.14804166666666668
0 0.79065625 0.4414166666666667 0.1641328125 0.25227777777777777
0 0.5468124999999999 0.1125 0.091796875 0.225
0 0.39446875000000003 0.17531944444444444 0.06707031249999999 0.11822222222222223
0 0.6926249999999999 0.15447222222222223 0.08525 0.21543055555555557
0 0.9174765624999999 0.08713888888888889 0.058390624999999995 0.13169444444444445
0 0.7072109375 0.04652777777777778 0.09390625 0.09305555555555556
0 0.9721328124999999 0.04190277777777778 0.0557265625 0.08379166666666667
0 0.9630234375000001 0.354875 0.0739609375 0.14773611111111112
0 0.6504453125 0.6945972222222222 0.0720234375 0.10123611111111111
0 0.557484375 0.7955277777777777 0.0548203125 0.10431944444444444
0 0.6926328125000001 0.5858333333333333 0.05015625 0.09668055555555556
0 0.507359375 0.485875 0.0483046875 0.08193055555555556
0 0.6184140625000001 0.9689861111111111 0.037125000000000005 0.06204166666666667
0 0.9604140624999999 0.7399444444444444 0.0791640625 0.15488888888888888
0 0.8394921875 0.5780000000000001 0.0689296875 0.07641666666666667
0 0.0229140625 0.75225 0.0458359375 0.08438888888888889