0 0.7129375 0.05531944444444444 0.061617187500000004 0.11063888888888888
0 0.6198515625 0.08356944444444445 0.083734375 0.167125
0 0.5240234375 0.26331944444444444 0.13996875 0.35391666666666666
0 0.7763359375000001 0.89375 0.13028125 0.2125
0 0.2789921875 0.05347222222222222 0.0727421875 0.10694444444444444
0 0.090625 0.849763888888889 0.18125 0.3004583333333333
0 0.450453125 0.76725 0.0696640625 0.16320833333333334
0 0.549671875 0.7747083333333333 0.080859375 0.13670833333333335
0 0.7128046875 0.7732777777777777 0.0657109375 0.09193055555555556
0 0.5921171875 0.5631944444444444 0.053265625000000004 0.10602777777777778
0 0.21728125 0.46252777777777776 0.09721093750000001 0.08976388888888888
0 0.7417109375 0.6099305555555555 0.05875781249999999 0.095875
0 0.7221015625 0.4006527777777778 0.0871796875 0.18269444444444444
0 0.652328125 0.19481944444444446 0.077890625 0.10634722222222222
0 0.6571484375 0.6881666666666667 0.045242187499999996 0.11265277777777778