0 0.46999218750000005 0.3078888888888889 0.1568828125 0.267625
0 0.9779921874999999 0.369 0.0440078125 0.167625
0 0.7973125 0.6439444444444444 0.06996875 0.07876388888888888
0 0.7517421875 0.38449999999999995 0.1038125 0.16622222222222224
0 0.711375 0.31048611111111113 0.0706640625 0.07440277777777778
0 0.721140625 0.17045833333333335 0.042609375 0.0761111111111111
0 0.400984375 0.17508333333333334 0.0605234375 0.08536111111111111
0 0.24175 0.3062916666666667 0.055898437499999995 0.13016666666666665
0 0.27442968749999996 0.24983333333333332 0.040531250000000005 0.09133333333333334
0 0.3228671875 0.2502916666666667 0.0644765625 0.12743055555555555
0 0.10192187500000001 0.06334722222222222 0.041859375 0.08720833333333333
0 0.017710937500000003 0.40648611111111116 0.035414062499999996 0.12223611111111111
0 0.043726562499999996 0.2924027777777778 0.056296875 0.12093055555555554
0 0.2657109375 0.7216666666666667 0.09409375 0.15073611111111113
0 0.13278125000000002 0.6513611111111112 0.0656875 0.08247222222222222
0 0.10894531249999999 0.5798194444444444 0.061125 0.09390277777777778
0 0.16792968749999998 0.5786666666666667 0.042257812500000005 0.07770833333333334
0 0.279640625 0.5835138888888889 0.074046875 0.14944444444444444
0 0.23797656250000002 0.8831944444444444 0.050953125 0.13120833333333334
0 0.46088281249999996 0.5869722222222222 0.1490703125 0.268375
0 0.3946015625 0.44629166666666664 0.0334765625 0.1092638888888889
0 0.3918671875 0.6890833333333333 0.08269531249999999 0.1135138888888889
0 0.5531875 0.6425694444444444 0.029562500000000002 0.10931944444444444
0 0.64940625 0.6434861111111111 0.0636875 0.07044444444444445
0 0.8829765625 0.20169444444444445 0.03925 0.08765277777777777
0 0.932453125 0.19336111111111112 0.065296875 0.12654166666666666
0 0.26284375 0.4365833333333333 0.0633671875 0.08056944444444444
0 0.299953125 0.4872638888888889 0.04384375 0.09395833333333334