0 0.540171875 0.14722916666666666 0.19424999999999998 0.2944375
0 0.7033750000000001 0.14106249999999998 0.09048437499999999 0.17933333333333332
0 0.9139375 0.043062500000000004 0.07718749999999999 0.08610416666666666
0 0.7207343749999999 0.6414375 0.305734375 0.717125
0 0.8061406249999999 0.34891666666666665 0.079390625 0.15495833333333334
0 0.8526718750000001 0.25375 0.06967187500000001 0.18712499999999999
0 0.6183125 0.4124791666666667 0.23975 0.3656875
0 0.48046875 0.6489999999999999 0.185921875 0.21835416666666668
0 0.984546875 0.5418541666666666 0.030906250000000003 0.20314583333333333
0 0.941546875 0.8482291666666666 0.11690624999999999 0.22333333333333333
0 0.517625 0.8590208333333333 0.205015625 0.2819375
0 0.226328125 0.8295 0.12789062499999998 0.19047916666666667
0 0.300109375 0.9396666666666668 0.08103125 0.1145
0 0.22564062499999998 0.034958333333333334 0.087625 0.06991666666666667
0 0.023609375 0.16679166666666667 0.04721875 0.15345833333333334
0 0.027953125000000002 0.03841666666666667 0.055906250000000005 0.07685416666666667
0 0.15271875 0.1633125 0.1084375 0.10947916666666666
0 0.099953125 0.2940833333333333 0.13065625 0.18591666666666665
0 0.036625000000000005 0.6094166666666666 0.073265625 0.22716666666666668
0 0.922046875 0.48410416666666667 0.073640625 0.06664583333333333
0 0.303359375 0.6989583333333333 0.0955625 0.21533333333333332
0 0.336875 0.7963333333333333 0.062609375 0.17322916666666668
0 0.09812499999999999 0.4267291666666667 0.071375 0.07910416666666667
0 0.574640625 0.7510416666666667 0.073140625 0.15660416666666668
0 0.30279687499999997 0.3345208333333333 0.10806249999999999 0.076375
0 0.346390625 0.46079166666666665 0.097546875 0.12535416666666668
0 0.365421875 0.3941458333333333 0.087890625 0.052708333333333336
0 0.20592187499999998 0.4358333333333333 0.05746875 0.06091666666666666
0 0.960375 0.33506250000000004 0.07926562499999999 0.11635416666666668