0 0.3948671875 0.15216666666666667 0.08578125 0.1645138888888889
0 0.32703125 0.18526388888888887 0.062390625 0.14273611111111112
0 0.514 0.28497222222222224 0.1261640625 0.2727361111111111
0 0.633 0.3828888888888889 0.12253906249999999 0.12133333333333333
0 0.7644921874999999 0.2493611111111111 0.0935703125 0.17370833333333333
0 0.9076796874999999 0.6214444444444445 0.18463281250000002 0.2512361111111111
0 0.9150078125000001 0.46018055555555554 0.1470625 0.1185
0 0.9233437500000001 0.8590277777777777 0.15331250000000002 0.28194444444444444
0 0.757203125 0.9354166666666667 0.08940624999999999 0.12916666666666668
0 0.49629687499999997 0.849763888888889 0.2553203125 0.3004583333333333
0 0.67765625 0.8498749999999999 0.0410390625 0.08308333333333333
0 0.7575937500000001 0.46319444444444446 0.0615390625 0.10137499999999999
0 0.42220312499999996 0.4703611111111111 0.047015625 0.13886111111111113
0 0.5546171875 0.4476944444444444 0.02409375 0.08426388888888889
0 0.5761015625 0.7619444444444444 0.0774765625 0.11091666666666666
0 0.34109375000000003 0.95625 0.0657265625 0.0875
0 0.3748203125 0.739013888888889 0.1102578125 0.2270972222222222
0 0.34578125000000004 0.6043472222222223 0.0790546875 0.11518055555555556
0 0.8025156250000001 0.6631388888888888 0.017890625 0.056819444444444436